0	0.0023566	0.0052217	0.0079633	0.0035333	0.0039331	0.0010405	0.0019708	0.00093275	0.003627	0.0039458	0.0043909	0.004553	0.0051814	0	0.003804	0.0013052	0.0023208	0.0026518	0.0034529	0.0060366	0.0038583	0.0062466	0.007205	0.0055095	0.0043359	0.0034441	0.0061877	0.00097964	0.0010824	0.0040217	0.0024953	0.0020495	0.0010886	0.0043427	0.004359	0.0029343	0.0057648	0.0056325	0.0055531	0.0056372	0.0060327	0.0050135	0.0055452	0.0014647	0.0043968	0.0036793	0.0040187	0.0017876	0.0026085	0.0012707	0	0.0022303	0.0034454	0.0042554	0.0059988	0.0052906	0.0060857	0.0029083	0.0036103	0.00093408	0.0029946	0.0017881	0.0023652	0.0037063	0.0026749	0.0011845	0.0048819	0	0.0025	0.0031077	0	0	0.00056952	0.0017084	0	0.00082815	0	0.00090281	0.00074966	0.0021097	0.0030887	0	0.0012309	0.0020192	0.00093995	0	0	0	0.0014713	9.3523e-05	0	0	0.001464	0.00028804	0.00016811	0	0.00078373	0.0005845	0.0031394	0.00021783	0.0015554	0.0009239	0.0007651	0.0023165	0.0012322	0.0024518	0.0026703	0.0021802	0.0028628	0.0024476	0.0032355	0.0012381	0.0021087	0.0020601	0.0019416	0.0017117	0.0031933	0.00065405	0.0061117	9.4834e-05	0.000594	0.0042127	0.0030704	0	0	0.00078286	0
0.0023566	0	0.0085616	0.0054214	0.0024392	0.0042891	0.0034462	0.00096898	0.0060549	0.0078671	0.013499	0.013444	0.0094814	0.016038	0.00682	0.015274	0.013344	0.0094892	0.013448	0.015068	0.014198	0.014034	0.012628	0.0099153	0.013036	0.0075579	0.0087435	0.011473	0.012122	0.010896	0.015058	0.010213	0.015676	0.0089858	0.012399	0.014502	0.014369	0.015216	0.015034	0.014744	0.012442	0.015156	0.012265	0.013057	0.0091183	0.0097122	0.012295	0.01434	0.010278	0.012828	0.012793	0.0092358	0.0098646	0.0059978	0.014214	0.011417	0.0057538	0.0091572	0.01131	0.01151	0.012096	0.013408	0.010981	0.012905	0.0096053	0.0026769	0.003201	0.0018365	0.0012321	0.00058678	0.0007642	0.00019958	0.0011067	0.00069494	0.0047904	0.0084642	0.0043547	0.007762	0.0045029	0.0045519	0.011719	0.0080144	0.0017903	0.0061224	0.0022133	0.0015634	0.0036311	0.0011075	0.007505	0.0086493	0.008164	0.0081254	0.012414	0.010972	0.013459	0.0045268	0.0087173	0.012616	0.0091065	0	0.0039274	0.0012983	0	0.0063066	0.0062862	0.0014483	0.007062	0.0073288	0.0071138	0.00038176	0.0061975	0.0056148	0.0028531	0.0034957	0.0031747	0.0010653	0.0024451	0.004692	0.0060387	0.0070482	0.005734	0.0028695	0.0073598	0.0052902	0.0055014	0.0037072	0.0096171	0.0047043
0.0052217	0.0085616	0	0	0.0017168	0.001435	0.0027616	0.0027551	0.0019884	0	0	0	0	0.00275	0.0075502	0	0.007443	0.0038284	0.0027436	0.0033677	0	0.0013479	0	0	0	0.0029262	0.0038069	0.00035155	0.010813	0.0067549	0.0017364	0.0051012	0.0047841	0.0095656	0.0041457	0	0.0035716	0	0.00036135	0	0.00039702	0	0.00029969	0.00065776	0.0092422	0.00054631	0.0032638	0.0019486	0.0010644	0	0.00322	0.011624	0.0061845	0.007928	0	0	0	0	0	0.0023532	0.00089144	0.0097275	0.001855	0.0010506	0.0044562	0.0039026	0.0050156	0	0.0046644	0.0036628	0.00083911	0.0042887	0.0052424	0.0035001	0.0091301	0.015484	0.010687	0.016216	0.0097772	0.008017	0.0028862	0.0048841	0.012914	0.011855	0.01292	0.014051	0.016903	0.010697	0.018106	0.014263	0.014568	0.01826	0.013793	0.013374	0.011783	0.013312	0.017733	0.012577	0.013964	0.0028538	0.015433	0.0065952	0.012618	0.01223	0.01194	0.014119	0.0085596	0.0090722	0.0047935	0.0084353	0.0061856	0.0043989	0.011745	0.0083747	0.015226	0.0074382	0.014369	0.0075516	0.0055991	0.0025699	0.0053007	0.0042627	0.0025275	0.0051826	0.0073986	0.0051479	0.0043514	0.0029443
0.0079633	0.0054214	0	0	0.0034399	0.0044992	0.0040965	0.0055936	0.0049705	0.0029283	0.0013501	0.0015185	0.0012927	0.0034921	0.0064046	0.0016361	0.0053351	0.0052985	0.0026898	0.0040373	0.0019744	0.0012842	8.9778e-05	0.001203	0.0016634	0.0022747	0.0028772	0.0015773	0.0058271	0.0041802	0.004018	0.0053467	0.0049257	0.0065924	0.0030037	0.0025169	0.0049397	0.00045831	0.00091405	0.0024212	0.0017429	0.0013957	0.0024761	0.0017225	0.0060178	0.0017872	0.0046532	0.003772	0.0048129	0.0014914	0.003906	0.0045159	0.0037488	0.0049296	0.0013404	0.0028605	0.0010426	0	0.0040294	0.0027024	0.0052314	0.0055375	0.0043542	0.0017703	0.0030475	0.0047375	0.0045233	0.0023504	0.0055433	0.0051121	0.0039522	0.0063073	0.0052362	0.0055288	0.0056654	0.007622	0.0062863	0.0077211	0.0067835	0.0058879	0.0040664	0.0029318	0.0078728	0.0070177	0.0056168	0.0064853	0.0089777	0.0071874	0.008816	0.0070688	0.0063482	0.0088513	0.0070254	0.0072831	0.0082232	0.0079867	0.0075483	0.0068056	0.0064009	0.0049591	0.0086095	0.0072046	0.0078247	0.0049879	0.0039124	0.0063656	0.0055708	0.0047709	0.0054807	0.0061803	0.0048842	0.0042881	0.0068369	0.0060639	0.0068531	0.0061337	0.0084623	0.0067669	0.005523	0.0028587	0.0071804	0.0065434	0.0049782	0.0045059	0.0068411	0.004851	0.0050676	0.0043842
0.0035333	0.0024392	0.0017168	0.0034399	0	0.00032595	0.0015246	0	0	0.00075742	0	0	0.0012055	0	0.003748	0	0.00071349	0	0	0.0012034	0	0	0.00061534	0	0	0.001944	0.00052249	0.000899	0.00042929	0.00037081	0	0	0.00011942	0.00061945	0	0	0	0	0	0	0	0	3.7817e-06	0	0.00062349	0	0.00034393	0	0.00076083	0	0	0.0018411	0	0.00088874	0	1.8376e-05	0.0015238	0.0018908	0	0	0	0.00029464	0.0015118	0	0	0.0015994	0.0017535	0.0021647	0.0007217	0.0010711	0.0013911	0.0011924	0.0026192	0.0016341	0.002479	0.0040412	0.0035444	0.0033968	0.005044	0.0025657	0	0.0012482	0.0041654	0.0035853	0.0033108	0.0047159	0.0044125	0.0031102	0.0056746	0.0037595	0.0064155	0.0049669	0.0033496	0.0031456	0.003342	0.0052934	0.0035061	0.0032473	0.0019298	0	0.0035294	0.0018828	0.0053589	0.00014245	0.0024186	0.0032865	0.0029876	0.00021141	0.0020981	0.0012804	0.0026775	0	0.0027208	0.0033829	0.0064667	0.0010244	0.0033029	0.00061568	0.0006345	0.0031042	0.00024451	0.00037553	0.0018192	0	0	0.0012966	0	0.00049328
0.0039331	0.0042891	0.001435	0.0044992	0.00032595	0	0	0.0027728	0.00036934	0.0028379	0.00062224	0.0014967	0.0014636	0.00070386	0.003926	0.0004193	0.0040614	0	0.0018823	0.003287	0	0.0012791	0.0027928	0.00027125	0.0010476	0.0032219	0.0027214	0.0022257	0.0032986	0.0034079	5.7343e-05	0.0019231	0.0018064	0.0028593	0.000904	0.00014626	0.0021479	0.00059179	0	0.0016586	0.001912	0.0011412	0.0017531	0.0028067	0.0037478	0.0014683	0.001662	0.00094198	0.0010457	0.0030384	0.0018289	0.0029502	0.0021328	0.0026253	0.00034207	0.0020631	0.0020339	0.0025012	0	0.0010634	0.0012951	0.0018016	0.0022401	0	0.0022521	0.0035392	0.0023762	0.0014526	0.003099	0.0024865	0.0023611	0.0034297	0.0025869	0.0042409	0.0032557	0.0059557	0.0040412	0.003606	0.003751	0.0032534	0.0011087	0.0031241	0.0069753	0.0061162	0.0034792	0.0058772	0.0060468	0.0053427	0.0060691	0.0046035	0.0065655	0.0063955	0.0044882	0.0050831	0.005302	0.0056753	0.0049325	0.0054204	0.005562	0.00018468	0.0038486	0.0023093	0.0043754	0.0016953	0.0032481	0.0044067	0.0040568	0.0020212	0.0026105	0.003806	0.002492	0.00068457	0.0041308	0.0040726	0.005294	0.0019007	0.0037439	0.0022421	0.0024953	0.0020933	0	0	0.00012193	0.0009221	0.0011573	0.0014711	0.0016865	0.001299
0.0010405	0.0034462	0.0027616	0.0040965	0.0015246	0	0	0	0	0.0015403	0	0.00096519	0	0	0.0052559	0	0.0020911	0.00074542	0.00089455	0.0038296	0	0.0011605	0.0022158	0	0.0011921	0.0031081	0.00089942	0.0025529	0.0044657	0.0037667	0	0.00045605	0.001318	0.0027723	0.0011598	3.7272e-05	0.00027863	2.1674e-05	0	0.00078313	0.0016468	0.00059373	0.0015789	0.00070496	0.0020282	3.3833e-05	0.00080949	0.001326	0.0018533	0.0019436	0.002396	0.0040178	0.0023888	0.0032239	3.1475e-05	0.00087375	0.0021458	0.0023862	0	0.00026092	0.00083296	0.0026849	0.0016124	0.00088198	0.000326	0.00068347	0.0014394	0	0	0	0.00023536	0.00063555	0.0022886	0.0010222	0.0029551	0.0045565	0.002345	0.003782	0.0036769	0.0016347	0	0.0014582	0.0046895	0.0055423	0.0010993	0.0051731	0.0053297	0.0035964	0.0068938	0.0057123	0.0070907	0.0065583	0.0044826	0.0049838	0.00445	0.0053124	0.0046626	0.0033052	0.0034425	0	0.0045484	0.0017815	0.0043256	0.0033044	0.005704	0.0061309	0.0049667	0.0028118	0.00025316	0.0010956	0.0017573	0.00020124	0.004259	0.0037601	0.0059536	0.0027802	0.0040594	0.0012838	0.00020801	0.0020738	0	0	0.001664	0.0013556	0.00029594	0	0.00051544	0
0.0019708	0.00096898	0.0027551	0.0055936	0	0.0027728	0	0	0	0.0025492	0	0.0018466	0.003875	0	0.00029476	0.00023425	0	0	0	0	0	0.00074575	0.0017673	0.0015506	0.00067634	0.0021646	0.0003354	0.0019107	0	0	0	0	0	0	0	0	0	0	0	0.00038835	0.00080077	0.001955	0.0027861	0.0011897	0.0003468	0.00087604	8.1214e-05	0	0.0009724	0	0	0	0	0.0001919	0	0.0011037	0.0020993	0.0025395	0.00088912	0	0.0012713	0	0.0015686	0	0	0.0029042	0	0.0048003	0.00017785	0.00044274	0.0023747	0.00075362	0.0015017	0.00037539	0	0	0.00063534	0	0.0022325	0	0.00081053	0.0016928	0	0	0	0	0	0	0.00089397	0.0018594	0.0023531	0	0	0.0011782	0.00090274	0	0.00023555	1.6408e-06	6.7821e-05	0	0	0	0.00079957	0	0	0	0.0016611	0	0.0014129	0	0.00059762	0.0011003	0	0.0021379	0	0	0	0	0	0.0053433	0	0	0.0016302	0	0	0	0	0.0016299
0.00093275	0.0060549	0.0019884	0.0049705	0	0.00036934	0	0	0	0.0025032	0.0022523	0.0031005	0.0021949	0.0016168	0.0053966	0.0024731	0.0046648	0.001087	0.0027149	0.0033637	0.00064413	0.0032041	0.0021055	0	0.0028636	0.0034135	0.0027136	0.0037283	0.0057883	0.0045449	0.00033068	0.0020589	0.0025993	0.0043222	0.00072602	0.00041986	0.0012326	0.0012944	0.002115	0.0023408	0.0022503	0.0019333	0.0031611	0.0014686	0.0013603	0.0029529	0.0014472	0.0013031	0.0034719	0.0013666	0.0019503	0.0060413	0.0025559	0.0042597	0.0015912	0.0029766	0.0024371	0.0039069	0	0.0034295	0.00396	0.005842	0.002974	0.00071267	0.0027603	0	0.0017658	0	0	0	0.00014113	0.00012836	0.0026051	0	0.0038911	0.0060671	0.0041399	0.0062772	0.0044201	0.0021709	0.00026816	0.0021623	0.0041568	0.0050166	0.0042385	0.0067509	0.0061451	0.003205	0.009957	0.0092252	0.0087845	0.0084985	0.0067415	0.0068842	0.0061098	0.005696	0.0072636	0.0051402	0.0034928	0	0.0063314	0.0019155	0.0058704	0.0035661	0.0032506	0.0039686	0.0034959	0.0027324	0.0024107	0.00097827	0.001893	0.00094862	0.0033308	0.0043442	0.0061863	0.00072868	0.0039406	0.0044538	0.00048172	0	0	0	0.00064975	0.00097377	0.00084329	0.00044145	0.00038334	0
0.003627	0.0078671	0	0.0029283	0.00075742	0.0028379	0.0015403	0.0025492	0.0025032	0	0.0010497	0	0.00223	0.0015136	0.0046929	0.0011481	0.0052786	0.0047063	0.0010827	0.00086983	0	0.00078344	0.00087067	0	0.00078156	0.0045215	0.0031181	0.0026086	0.0097532	0.0077988	0.0018616	0.0040076	0.0023613	0.0099235	0.0040956	0.00079897	0.0026816	0.00032468	0.0019942	0.00023613	0.0040233	0.0013941	0.0023112	0.0032509	0.007003	0.0034009	0.0017909	0	0.0018014	0	0.002057	0.0096007	0.0039495	0.010527	0	0.001632	0.0010695	0	4.8076e-05	0.0029812	0.0019246	0.0091394	0.0016862	0.0040466	0.0039908	0.0041222	0.0039511	0.001189	0.0048059	0.0042605	0.0035694	0.0035044	0.0048235	0.0038669	0.0059484	0.012698	0.0085023	0.011068	0.0047672	0.0067676	0.0015038	0.0026439	0.01145	0.0080564	0.012184	0.015323	0.012613	0.0089536	0.016697	0.011375	0.013375	0.014801	0.012477	0.013034	0.010104	0.012687	0.016702	0.009793	0.012661	0.0045303	0.012877	0.0069459	0.010672	0.010421	0.011454	0.013909	0.0077314	0.0079807	0.0054015	0.0067544	0.0053185	0.006196	0.012224	0.0076981	0.01182	0.0085417	0.013336	0.0075009	0.0069455	0.0030663	0.0032098	0.0047958	0.0030975	0.0051937	0.006848	0.0044354	0.0031103	0.0015975
0.0039458	0.013499	0	0.0013501	0	0.00062224	0	0	0.0022523	0.0010497	0	0	0	0.0034171	0.011202	0	0.014057	0.003446	0.0078905	0.011359	0	0.00013995	0	0	0	0.0042904	0.0080589	0	0.016231	0.013591	0.0034607	0.0080842	0.0097628	0.016781	0.005062	0	0.0044708	0	0.0017681	0	0.0010891	0	0	0.00031284	0.016494	0.0013313	0.0053879	0.0020946	0.0043387	0	0.0065241	0.017293	0.0080583	0.010056	0	0.0011841	0	0.001928	0	0.0020379	0	0.014427	0.0022953	0.0017793	0.0048036	0.0010768	0.0023198	0	0.0023199	0	0	0.0016588	0.0041988	0	0.0094783	0.02346	0.016403	0.024174	0.014992	0.0098068	0.0035269	0.0090472	0.015851	0.020379	0.018375	0.020573	0.024705	0.012265	0.027738	0.022175	0.022437	0.028504	0.023855	0.022753	0.023611	0.017064	0.028503	0.02133	0.023858	2.1956e-05	0.021717	0.0072348	0.015624	0.017589	0.019519	0.018526	0.014153	0.012295	0.0066811	0.0052677	0.0073886	0.0055982	0.015117	0.0088968	0.020104	0.010782	0.019683	0.0079033	0.006726	0	0.0038202	0.0035383	0.00073184	0.0086705	0.010569	0.0069191	0.0047146	0.0021654
0.0043909	0.013444	0	0.0015185	0	0.0014967	0.00096519	0.0018466	0.0031005	0	0	0	0.00039288	0.0015186	0.012062	0	0.010518	0.0028682	0.0057235	0.0073068	0	0.0012166	0	0	0	0.0060679	0.0080224	0.00061068	0.015983	0.011396	0.00041486	0.0056635	0.0060575	0.013975	0.0038752	0	0.0017831	0	0	0	0.0019295	0	0	0	0.013873	0.0013833	0.0033042	0.0017427	0.003463	0	0.004259	0.017964	0.005923	0.011096	0	0.00016736	0.00053832	0.0014623	0	0.001006	0	0.013166	0.00058902	0.0011858	0.0046624	0.0012847	0.0029872	0	0.0032547	0.00058877	0	0.001971	0.0037628	0.00045942	0.0079107	0.021592	0.015324	0.021775	0.012959	0.0075484	0.0013078	0.0062604	0.015398	0.017052	0.016961	0.018759	0.021437	0.012255	0.024955	0.021064	0.022447	0.026308	0.020518	0.018688	0.019128	0.0163	0.024802	0.018737	0.020869	0.0015853	0.020035	0.0076333	0.015031	0.017334	0.018302	0.017845	0.01332	0.013299	0.006358	0.0069083	0.0052056	0.00517	0.014942	0.0086416	0.019802	0.011556	0.018523	0.0088705	0.0072376	0	0.0046581	0.003904	0.0008469	0.01025	0.0091886	0.0075482	0.0037928	0.0027294
0.004553	0.0094814	0	0.0012927	0.0012055	0.0014636	0	0.003875	0.0021949	0.00223	0	0.00039288	0	0.0017433	0.0096692	0.0008191	0.0087618	0.0035044	0.0027014	0.0051139	0	0.0017227	0	0	0.00039407	0.00407	0.001546	0.0007344	0.011546	0.0079789	0.0023873	0.0048832	0.0065027	0.0092867	0.0034463	0	0.001238	0	0.0011387	0	0.00013511	0	2.6377e-05	0.00039453	0.0080689	0.0012684	0.0018203	0.0023133	0.0031111	0	0.0032041	0.011292	0.0058648	0.0071079	0	0.00068214	0.0012534	0.001556	0	0.0025852	0.0016166	0.0093494	0.00288	0.0022968	0.0025083	0.0017326	0.00095352	0	0.0035785	0.0045948	0	0.0029597	0.0048351	0.0034434	0.0083359	0.015832	0.01056	0.014419	0.0092948	0.0088112	6.7763e-05	0.0036816	0.013295	0.010995	0.010683	0.014747	0.015877	0.011202	0.017055	0.015963	0.016111	0.016538	0.016147	0.014506	0.013437	0.01368	0.017136	0.011596	0.013164	0.00319	0.014017	0.00819	0.011719	0.010144	0.011809	0.012563	0.0078013	0.0086454	0.0036315	0.0069905	0.003162	0.0025041	0.013275	0.0078456	0.013813	0.0066145	0.010588	0.0065949	0.0058022	0.0001034	0.004332	0.0053001	0.0022906	0.0055428	0.0075468	0.0064907	0.003095	0.0014924
0.0051814	0.016038	0.00275	0.0034921	0	0.00070386	0	0	0.0016168	0.0015136	0.0034171	0.0015186	0.0017433	0	0.012469	0.00058533	0.011096	0.0050817	0.0070192	0.011792	0	0.0056753	0.0025938	0	0.0041477	0.007295	0.011415	0.0061488	0.017977	0.017879	0.0011145	0.0071443	0.0056502	0.016314	0.0049765	0	0.0038762	0.0016035	0.0059576	0.0035906	0.0081422	0.0019876	0.0048379	0.0030008	0.015924	0.0061491	0.0052191	0.0047579	0.0075748	0	0.0034671	0.019993	0.0099282	0.015134	0.0012788	0.002269	0.0018717	0.0042436	0	0.0030491	0	0.011618	0	0.0040877	0.0086462	0	0.002136	0	0.0021997	0	0	0	0.0015145	0	0.0053601	0.023363	0.014302	0.019973	0.010643	0.0071087	0.0015531	0.0081871	0.01142	0.017095	0.015353	0.017127	0.020279	0.0077751	0.025797	0.022882	0.025148	0.025175	0.02255	0.019524	0.017856	0.012062	0.025679	0.016719	0.021966	0	0.01984	0.0040787	0.014047	0.016621	0.015129	0.014446	0.012903	0.012888	0.006758	0.0045443	0.0041331	0.006675	0.014238	0.0092859	0.018523	0.010152	0.015626	0.011771	0.0075403	0.0019763	0.0028365	0.0023397	0.00062366	0.0072545	0.0096201	0.0069965	0.00072194	0.0011798
0	0.00682	0.0075502	0.0064046	0.003748	0.003926	0.0052559	0.00029476	0.0053966	0.0046929	0.011202	0.012062	0.0096692	0.012469	0	0.01258	0.0078026	0.010485	0.0093116	0.0087803	0.01498	0.0079514	0.010123	0.010661	0.010987	0.0026202	0.0090203	0.0071284	0.0047629	0.004424	0.014264	0.013554	0.01035	0.0044938	0.011225	0.014803	0.013611	0.014771	0.011963	0.015663	0.012553	0.016895	0.012149	0.014351	0.011682	0.01202	0.010505	0.013501	0.0064726	0.011726	0.0099241	0.0052316	0.010759	0.0099285	0.010665	0.009103	0.0063803	0.0071951	0.010164	0.0098451	0.010105	0.0053269	0.011378	0.014139	0.0090786	0.0044118	0.0028962	0.008983	0	0	0.0039474	0	0.001487	5.7796e-05	0.0054971	0.0033682	0.0037423	0.0024494	0.00029344	0	0.01106	0.0060836	0.00012762	0.0024328	0.0030961	0.0029469	0	0	0.0017639	0.0027125	0.0019032	0.0036178	0.0043789	0.0070724	0.0077286	0	0.0049753	0.0051376	0.0090208	0.0010287	0.0024959	0.00052918	0.00089811	0.006179	0.0063144	0.0029414	0.0054333	0.00801	0.0082076	0.0030204	0.0068601	0.009755	0.0026542	0.0067424	0.0010502	0.0023819	0.0017809	0.0047864	0.0044813	0.0050219	0.0029145	0.00092384	0.0067721	0.0040782	0.0052119	0.0020148	0.0088354	0.0061316
0.003804	0.015274	0	0.0016361	0	0.0004193	0	0.00023425	0.0024731	0.0011481	0	0	0.0008191	0.00058533	0.01258	0	0.0096822	0.0032936	0.0050916	0.0075758	0	0.00054769	0	0	0	0.0063809	0.0081224	0.0022474	0.014584	0.011246	0	0.0044353	0.0050872	0.012987	0	0	0.0013878	0	0	0	0.0021524	0	0.00055568	0	0.010889	0.0011248	0.00044324	0.00036105	0.005326	0	0.0033369	0.01467	0.0044474	0.011089	0	0.0021921	0.00081447	0.0029497	0	0	0	0.011399	0	0.0014042	0.0056142	0	0.0030523	0	0.001949	0	0	0.00040151	0.0021388	0	0.0065728	0.018491	0.015149	0.018406	0.011077	0.0047801	0	0.0060045	0.011736	0.016299	0.015365	0.016358	0.019656	0.0096084	0.022248	0.021458	0.021037	0.024086	0.019342	0.018232	0.018814	0.013045	0.022868	0.017128	0.019306	0.00013286	0.017502	0.0057082	0.014075	0.013485	0.014306	0.015288	0.010824	0.0087056	0.0048105	0.0045668	0.0023875	0.0036275	0.011581	0.0075784	0.016405	0.0074093	0.015671	0.0080903	0.0066369	0	0.0023533	0.0016478	0	0.0063609	0.0067863	0.0073227	0.0023301	0.0039502
0.0013052	0.013344	0.007443	0.0053351	0.00071349	0.0040614	0.0020911	0	0.0046648	0.0052786	0.014057	0.010518	0.0087618	0.011096	0.0078026	0.0096822	0	0.012262	0.010125	0.010906	0.011346	0.014428	0.01173	0.0087188	0.013928	0.010811	0.012835	0.0135	0.012321	0.016693	0.0099252	0.0086177	0.0085634	0.016598	0.012723	0.010196	0.010799	0.013656	0.014998	0.015099	0.016469	0.014336	0.013774	0.012123	0.010177	0.012743	0.0087777	0.01145	0.0081715	0.0080019	0.0075248	0.010347	0.011711	0.015829	0.011978	0.012658	0.0066315	0.010475	0.0054468	0.0099033	0.0079241	0.015938	0.0059566	0.013118	0.011806	0	0.0025502	0.0013074	0	0	0.001263	0	0	0	0.0057815	0.015936	0.010169	0.010016	0.0043501	0.0035105	0.0076121	0.0059158	0.004306	0.010977	0.0094423	0.010595	0.0091482	0.0016648	0.011791	0.01298	0.014791	0.010945	0.014926	0.009755	0.0097734	0.0041882	0.013698	0.014096	0.01192	0	0.013818	0.0018686	0.0080524	0.013771	0.0090927	0.0083586	0.0096963	0.012479	0.012019	0.0045159	0.0079928	0.013429	0.011686	0.0099118	0.010125	0.0069563	0.0084433	0.01137	0.0083149	0.0077274	0.0042631	0.0028233	0.0057186	0.0089465	0.01122	0.0069337	0.0088139	0.0035626
0.0023208	0.0094892	0.0038284	0.0052985	0	0	0.00074542	0	0.001087	0.0047063	0.003446	0.0028682	0.0035044	0.0050817	0.010485	0.0032936	0.012262	0	0.0091271	0.013969	0.0016841	0.0050017	0.0037087	0.0027593	0.0041498	0.0057699	0.0089835	0.0049145	0.015037	0.011757	0.0046157	0.0086642	0.011302	0.010098	0.0039081	0.0026772	0.005917	0.0013404	0.0027301	0.0024189	0.0043169	0.0020851	0.0022882	0.0032096	0.012184	0.0031482	0.0058749	0.0058807	0.0070897	0.0015107	0.0076992	0.01615	0.0062099	0.0074413	0.00073886	0.0039725	0.0025224	0.0070757	0.0022004	0.0017349	0.0015038	0.011551	0.0026577	0.0030189	0.0083029	0	0.0016542	0	0.00040352	0	0	0	0.0017143	0	0.0084122	0.015321	0.010157	0.015427	0.0096147	0.0060767	0.0054857	0.01061	0.0087904	0.013094	0.010794	0.012944	0.015082	0.0063519	0.018752	0.018463	0.019179	0.019326	0.016971	0.015365	0.016478	0.011344	0.018764	0.015298	0.017401	0	0.013693	0.004405	0.0079574	0.010593	0.011444	0.010783	0.0089652	0.0083062	0.0035389	0.0030883	0.0056071	0.0029903	0.0090875	0.005494	0.013982	0.0055008	0.0090975	0.0073024	0.0033346	0.00010245	0.0012963	0.0017035	0.0028515	0.0065704	0.0074673	0.0059693	0.0022735	0.0022198
0.0026518	0.013448	0.0027436	0.0026898	0	0.0018823	0.00089455	0	0.0027149	0.0010827	0.0078905	0.0057235	0.0027014	0.0070192	0.0093116	0.0050916	0.010125	0.0091271	0	0.004118	0.0050905	0.0046464	0.0036278	0.00032957	0.0046325	0.006447	0.0053128	0.006687	0.0077512	0.015136	0.0077687	0.0084845	0.0065293	0.016682	0.010033	0.0067361	0.0074427	0.0079361	0.0081103	0.0084085	0.010177	0.0077668	0.0073378	0.0068802	0.012522	0.0074633	0.0053442	0.0082397	0.0044053	0.0049467	0.0054475	0.012801	0.011165	0.014016	0.006338	0.0046346	0.0033533	0.007466	0.0020547	0.0073001	0.0054194	0.013125	0.0048022	0.0073923	0.0036501	0.00064324	4.2376e-05	0	0	0	0	0	0.00063133	0	0.010055	0.020617	0.010565	0.015321	0.0073934	0.0074427	0.0070579	0.0042913	0.0099486	0.011992	0.011996	0.01557	0.015843	0.0045772	0.01695	0.014362	0.013981	0.014836	0.019523	0.01373	0.013286	0.0070956	0.020739	0.013642	0.014238	0	0.018993	0.0054765	0.01059	0.017148	0.016412	0.013001	0.014866	0.015424	0.0098115	0.0060661	0.0090952	0.0089833	0.014364	0.010836	0.01631	0.010967	0.01204	0.0090258	0.010272	0.0041889	0.0054721	0.0051079	0.004933	0.010471	0.011409	0.0094315	0.0085478	0.0046122
0.0034529	0.015068	0.0033677	0.0040373	0.0012034	0.003287	0.0038296	0	0.0033637	0.00086983	0.011359	0.0073068	0.0051139	0.011792	0.0087803	0.0075758	0.010906	0.013969	0.004118	0	0.0084996	0.0084502	0.0043449	0.002826	0.01012	0.0072338	0.0085922	0.0077921	0.01293	0.017455	0.012353	0.013245	0.0082679	0.02068	0.017114	0.010184	0.010927	0.012724	0.015233	0.011646	0.014337	0.011805	0.012422	0.011104	0.014766	0.012835	0.0074848	0.012857	0.0078998	0.0048907	0.0086622	0.016077	0.015298	0.015956	0.009198	0.0071965	0.0063193	0.0082756	0.0049221	0.011254	0.0070158	0.018695	0.0062273	0.0128	0.0085481	0.0033112	0.0034475	0	0.0022389	0	0.0028172	0	0.0027011	0	0.0079712	0.017797	0.0084859	0.01756	0.0049691	0.0069066	0.0075386	0.004576	0.0082285	0.0091492	0.013209	0.015407	0.015851	0.0045471	0.016251	0.014519	0.012656	0.014067	0.019038	0.014569	0.0098925	0.0069606	0.020211	0.0093579	0.014636	0.0021626	0.020963	0.0045905	0.011454	0.019917	0.015651	0.014436	0.015115	0.016672	0.013325	0.0080838	0.010547	0.015795	0.016265	0.0098786	0.015324	0.012868	0.012999	0.012971	0.011484	0.0049377	0.0070356	0.0056606	0.0057082	0.011845	0.011188	0.010439	0.0093215	0.005128
0.0060366	0.014198	0	0.0019744	0	0	0	0	0.00064413	0	0	0	0	0	0.01498	0	0.011346	0.0016841	0.0050905	0.0084996	0	0.00066143	0	0	0	0.0051426	0.0069627	8.7773e-05	0.017554	0.013929	0	0.0062361	0.0052187	0.016126	0.0026736	0	0.00042265	0	0	0	0.00037828	0	0	0	0.014337	0	0.001259	0	0.0034043	0	0.0035731	0.01949	0.0062845	0.011341	0	0	0	0.0005651	0	0	0	0.015286	0	0	0.0041398	0	0.0022704	0	0.003324	0	0	0.0015856	0.0041121	0	0.0096337	0.026435	0.017829	0.026749	0.014841	0.010253	0	0.0077589	0.016667	0.020002	0.01864	0.020078	0.023862	0.01334	0.030106	0.025075	0.027176	0.031459	0.02587	0.024093	0.023033	0.016571	0.029823	0.021422	0.024441	0	0.024124	0.0083873	0.016771	0.017856	0.019182	0.017792	0.014867	0.014357	0.0052798	0.0064247	0.0047517	0.0032989	0.015266	0.0089838	0.021003	0.012514	0.019783	0.0091654	0.0073353	0	0.0034954	0.0032106	0	0.0069762	0.008434	0.0072905	0.0028083	0.0020119
0.0038583	0.014034	0.0013479	0.0012842	0	0.0012791	0.0011605	0.00074575	0.0032041	0.00078344	0.00013995	0.0012166	0.0017227	0.0056753	0.0079514	0.00054769	0.014428	0.0050017	0.0046464	0.0084502	0.00066143	0	0.00055827	0	0	0.0020696	0.0073104	0.0014059	0.0079835	0.010124	0.0068622	0.010648	0.0095952	0.011859	0.005815	0.0044222	0.0070189	0.0003659	0.0033793	0.0024891	0.0041427	0.0023136	0.002004	0.0029545	0.015394	0.0048088	0.0056549	0.0060248	0.0041697	0.0014068	0.0078606	0.015311	0.0071928	0.010563	0.00028591	0.0025523	0.00098012	0.0044232	0.0016876	0.0033966	0.0020216	0.0098137	0.0030058	0.0048796	0.0070926	0.0016623	0.00026638	0	0.0011949	0	0.00083054	0.00010274	0.0038824	0	0.009615	0.022062	0.015618	0.021978	0.010844	0.0071741	0.0063725	0.0087194	0.013076	0.017321	0.016807	0.019384	0.020246	0.0075768	0.021013	0.015883	0.016629	0.022346	0.02007	0.021053	0.021635	0.012931	0.024221	0.018497	0.021921	0.00041601	0.017642	0.0056856	0.012847	0.016908	0.018179	0.015502	0.01323	0.011733	0.0075249	0.0053641	0.0081933	0.0066192	0.013749	0.0078144	0.017122	0.0089095	0.017045	0.0082176	0.0077038	0.0023398	0.0052891	0.0038657	0.0013802	0.010277	0.012377	0.0090841	0.0066391	0.0032817
0.0062466	0.012628	0	8.9778e-05	0.00061534	0.0027928	0.0022158	0.0017673	0.0021055	0.00087067	0	0	0	0.0025938	0.010123	0	0.01173	0.0037087	0.0036278	0.0043449	0	0.00055827	0	0	0	0.0023952	0.0039566	0	0.015242	0.0099259	0.0038909	0.0075794	0.0088641	0.012476	0.0065508	0.00065567	0.0040423	0	0.0018383	0	0.00085611	0	0.00029897	0	0.011943	0.0011754	0.0022293	0.003198	0.0057793	0	0.0057397	0.016218	0.0069714	0.0070648	0.00019863	0	0.00094493	0.00012594	0	0.0029365	0.0011143	0.013836	0.0030425	0.0024371	0.0017496	0.003833	0.0023218	0	0.0062196	0.0042158	0.00065923	0.0036276	0.0068928	0.0020662	0.0095863	0.02015	0.014258	0.021342	0.012315	0.010396	0.0016746	0.0059761	0.015618	0.015967	0.01452	0.017195	0.020907	0.013581	0.023583	0.019414	0.019837	0.024474	0.019955	0.018902	0.018743	0.016924	0.024751	0.014672	0.018824	0.0023015	0.018969	0.0082319	0.01286	0.015221	0.016093	0.015391	0.010474	0.010308	0.0046602	0.0082031	0.003841	0.0034091	0.014056	0.0083189	0.016037	0.0091812	0.015291	0.0064289	0.0088746	0	0.0050016	0.0060798	0.0019915	0.0081156	0.0095878	0.0076835	0.0041623	0.0028266
0.007205	0.0099153	0	0.001203	0	0.00027125	0	0.0015506	0	0	0	0	0	0	0.010661	0	0.0087188	0.0027593	0.00032957	0.002826	0	0	0	0	0	0.0018981	0.0011281	0	0.011357	0.0078531	0	0.0039156	0.003964	0.011786	0.0031908	0	0	0	0	0	0	0	0	0	0.0086624	0	0.0012367	0	0.0015111	0	0.0026419	0.013425	0.0046756	0.0075274	0	0	0	0	0	0.00010208	0	0.01345	0	0	0.00051807	0.0035127	0.0013817	0	0.005638	0.0050371	0.0016293	0.0045341	0.0049694	0.0036096	0.0073132	0.018717	0.01219	0.021033	0.010924	0.01299	0.0020262	0.0060685	0.015669	0.013439	0.014573	0.016802	0.021018	0.013043	0.02316	0.015932	0.018147	0.022233	0.020342	0.01864	0.016355	0.017293	0.023033	0.014666	0.015545	0.0026413	0.019183	0.0081154	0.013504	0.014926	0.013946	0.014881	0.0086901	0.0076179	0.0026307	0.0062117	0.004742	0.0033115	0.013647	0.0070726	0.017526	0.01107	0.017106	0.0057939	0.0051573	0.0018217	0.0043328	0.0054468	0.00080188	0.0058155	0.0060931	0.0053936	0.0032652	0.0014295
0.0055095	0.013036	0	0.0016634	0	0.0010476	0.0011921	0.00067634	0.0028636	0.00078156	0	0	0.00039407	0.0041477	0.010987	0	0.013928	0.0041498	0.0046325	0.01012	0	0	0	0	0	0.0022922	0.0051327	0.001528	0.011028	0.010877	0.0047345	0.0083716	0.0095294	0.014145	0.005693	0.0015907	0.0058967	0	0.00090828	0	0.001053	0	0	0.0012277	0.016084	0.0017989	0.0056534	0.0031249	0.0032687	0	0.0068373	0.015589	0.0063762	0.010327	0	0.0012651	0.00054823	0.0032923	0.00012088	0.0028585	0.0011409	0.012607	0.0025294	0.0042529	0.0031754	0.0023298	0.0003345	0	0.0023075	0.00023497	0	0.00038961	0.0032491	0	0.011578	0.023144	0.017448	0.024234	0.012908	0.010303	0.0058649	0.0083802	0.015697	0.019307	0.016733	0.018776	0.02258	0.011671	0.023786	0.018017	0.019225	0.025187	0.023758	0.022524	0.023827	0.015828	0.02652	0.021263	0.022867	0.00088258	0.021347	0.0077765	0.015144	0.017576	0.019864	0.018033	0.013577	0.013019	0.0071408	0.0066752	0.0070932	0.004985	0.015502	0.0097479	0.018499	0.0094791	0.017522	0.0054707	0.0084904	0	0.0067771	0.0045508	0.0027695	0.010271	0.012472	0.0094196	0.007509	0.0040375
0.0043359	0.0075579	0.0029262	0.0022747	0.001944	0.0032219	0.0031081	0.0021646	0.0034135	0.0045215	0.0042904	0.0060679	0.00407	0.007295	0.0026202	0.0063809	0.010811	0.0057699	0.006447	0.0072338	0.0051426	0.0020696	0.0023952	0.0018981	0.0022922	0	0.0044117	0	0.0068875	0.0032623	0.010711	0.0090427	0.012458	0.0060322	0.0072641	0.0077074	0.010135	0.0051848	0.0051447	0.0057401	0.0033817	0.0075318	0.0046002	0.0056381	0.0095246	0.0039465	0.0078008	0.006391	0.0070412	0.0064784	0.0080553	0.0085146	0.0069011	0.0041396	0.0039677	0.0038775	0.0036289	0.0026806	0.0048411	0.0064255	0.0063485	0.0066934	0.0071932	0.0085178	0.0035779	0.0040883	0	0.0011807	0.0031336	0.0023402	0.0025202	0.0002566	0.0045606	0.0036941	0.006097	0.0087946	0.010615	0.012917	0.0049503	0.0058154	0.006607	0.0073364	0.0067059	0.0087381	0.0074261	0.0081522	0.010636	0.0060151	0.012035	0.006731	0.00621	0.013168	0.0098364	0.012787	0.014145	0.0092096	0.01406	0.0097629	0.010229	0.0015478	0.0088712	0.0037161	0.0063321	0.0083994	0.0092953	0.0073097	0.0057013	0.0058826	0.0047502	0.0010758	0.0055925	0.0026404	0.0037951	0.0051005	0.0063377	0.0034567	0.0076113	0.0017686	0.00531	0.0032194	0.0046489	0.0042062	0.0046529	0.0057215	0.0072322	0.0049468	0.0064651	0.00395
0.0034441	0.0087435	0.0038069	0.0028772	0.00052249	0.0027214	0.00089942	0.0003354	0.0027136	0.0031181	0.0080589	0.0080224	0.001546	0.011415	0.0090203	0.0081224	0.012835	0.0089835	0.0053128	0.0085922	0.0069627	0.0073104	0.0039566	0.0011281	0.0051327	0.0044117	0	0.0040362	0.012236	0.010285	0.013314	0.011251	0.013975	0.012248	0.010993	0.0094903	0.010015	0.0085267	0.010168	0.0065593	0.006143	0.0079375	0.0052633	0.0064166	0.010561	0.0049777	0.0092574	0.010057	0.0074791	0.007595	0.01096	0.01304	0.01281	0.007302	0.0082661	0.0057447	0.0029986	0.0048804	0.0067104	0.0096602	0.0097968	0.015605	0.0086816	0.010527	0.00048658	0.0022444	0	0	0.0010662	0.00072449	0.0014081	0	0.0033955	0.0001432	0.0090366	0.018544	0.0094992	0.01464	0.0047382	0.0089753	0.0089134	0.0078127	0.0098404	0.01098	0.0072293	0.010409	0.014764	0.0065405	0.015087	0.012209	0.013151	0.013335	0.017279	0.016441	0.017328	0.0093793	0.019382	0.015988	0.013212	0	0.014429	0.005608	0.010293	0.013828	0.012557	0.010441	0.010332	0.010029	0.0076953	0.004453	0.0090424	0.0041158	0.011152	0.0075014	0.012942	0.0065144	0.0071426	0.0038771	0.0084385	0.0036029	0.0068042	0.0057253	0.005891	0.0076473	0.010818	0.0066693	0.0099075	0.0038571
0.0061877	0.011473	0.00035155	0.0015773	0.000899	0.0022257	0.0025529	0.0019107	0.0037283	0.0026086	0	0.00061068	0.0007344	0.0061488	0.0071284	0.0022474	0.0135	0.0049145	0.006687	0.0077921	8.7773e-05	0.0014059	0	0	0.001528	0	0.0040362	0	0.012267	0.0055829	0.0072254	0.0093695	0.011009	0.010507	0.0060355	0.0027945	0.0081308	0	0.0019287	0.00066519	0.0020832	0.0012616	0.00093819	0.0027315	0.012449	0.0016955	0.006505	0.0056935	0.0065365	0.00057485	0.0078869	0.012934	0.0094053	0.0077623	0.00023344	0	0.0021531	0.00084406	0.0017875	0.0039636	0.0032426	0.010715	0.0050075	0.0050504	0.0024741	0.0039638	0.0024121	0	0.0050222	0.0031535	0.0017435	0.0029107	0.0067311	0.0034456	0.0095401	0.015747	0.012806	0.018546	0.0094783	0.0083847	0.0046557	0.0072564	0.011704	0.012993	0.011641	0.014534	0.016994	0.010492	0.019401	0.014208	0.014663	0.021278	0.016814	0.018724	0.019257	0.014678	0.020976	0.014972	0.017221	0.0011826	0.016296	0.0077268	0.011284	0.012784	0.01381	0.012365	0.0085285	0.0095963	0.0064906	0.0061648	0.0065568	0.0044544	0.011321	0.0082029	0.01388	0.0071758	0.013987	0.0051253	0.0088017	0.0010398	0.0067973	0.0059934	0.0038811	0.0070029	0.0096063	0.0069618	0.0064323	0.003852
0.00097964	0.012122	0.010813	0.0058271	0.00042929	0.0032986	0.0044657	0	0.0057883	0.0097532	0.016231	0.015983	0.011546	0.017977	0.0047629	0.014584	0.012321	0.015037	0.0077512	0.01293	0.017554	0.0079835	0.015242	0.011357	0.011028	0.0068875	0.012236	0.012267	0	0.0072799	0.016845	0.013456	0.011695	0.011069	0.014157	0.019233	0.017915	0.018566	0.017224	0.021152	0.018347	0.020449	0.016568	0.018518	0.012062	0.017057	0.015415	0.018477	0.0074577	0.015405	0.014599	0.0054072	0.010005	0.012332	0.015615	0.013906	0.0073135	0.01382	0.012014	0.012856	0.013518	0.005871	0.012398	0.018622	0.011558	0.0010381	0.0025021	0.0038034	0	0	0.0016858	0	0	0	0.0084279	0.012261	0.010696	0.010522	0.0028122	0.003649	0.016216	0.0094168	0.0032348	0.010749	0.0083433	0.0083955	0.0054004	0	0.0036999	0.0038429	0.0057964	0.0068013	0.0082748	0.010421	0.012133	0.0014988	0.0080212	0.013205	0.010281	0	0.0082098	0.0017295	0.0023354	0.014026	0.012083	0.0071638	0.012414	0.013296	0.012938	0.0029629	0.012647	0.013843	0.0094972	0.0074484	0.0047815	0.006344	0.0075611	0.0084212	0.0089613	0.010343	0.0060891	0.0028997	0.0060139	0.012316	0.012533	0.0085744	0.015188	0.0078785
0.0010824	0.010896	0.0067549	0.0041802	0.00037081	0.0034079	0.0037667	0	0.0045449	0.0077988	0.013591	0.011396	0.0079789	0.017879	0.004424	0.011246	0.016693	0.011757	0.015136	0.017455	0.013929	0.010124	0.0099259	0.0078531	0.010877	0.0032623	0.010285	0.0055829	0.0072799	0	0.018289	0.015051	0.016604	0.0021002	0.012365	0.016642	0.015847	0.014411	0.012594	0.014763	0.01095	0.013811	0.0099094	0.012425	0.01246	0.012582	0.013296	0.01759	0.0098806	0.011908	0.017953	0.0121	0.009706	0.0083476	0.010149	0.0087158	0.0033903	0.0055742	0.010954	0.01065	0.012093	0.01115	0.012592	0.016038	0.0097104	0.0002744	0.0040661	0.0019551	0	0	0.00068177	0	0.0012288	0	0.0074602	0.011943	0.0088985	0.013869	0.0011628	0.0034185	0.014291	0.010605	0.0035752	0.0090786	0.0060641	0.0061381	0.008124	0.0015068	0.010733	0.004752	0.0086622	0.013291	0.007845	0.014418	0.0178	0.0054261	0.012274	0.015303	0.010021	0	0.0095648	0.0018724	0.0044146	0.012803	0.010039	0.0052809	0.0097871	0.011647	0.0091555	0	0.0095293	0.0075258	0.004441	0.0064303	0.0058716	0.0038642	0.0058868	0.0067108	0.006673	0.0042098	0.0051344	0.0025403	0.0044302	0.0083904	0.01109	0.0068153	0.012493	0.0065841
0.0040217	0.015058	0.0017364	0.004018	0	5.7343e-05	0	0	0.00033068	0.0018616	0.0034607	0.00041486	0.0023873	0.0011145	0.014264	0	0.0099252	0.0046157	0.0077687	0.012353	0	0.0068622	0.0038909	0	0.0047345	0.010711	0.013314	0.0072254	0.016845	0.018289	0	0.002678	0.004776	0.020139	0.0030191	0	0.003676	0.0012366	0.0025893	0.0028261	0.0083332	0.0015399	0.0045871	0.0031661	0.013301	0.0056436	0.0028416	0.0015101	0.0048205	0	0.0026397	0.018643	0.0057382	0.015995	0.0013676	0.0040063	0.0018643	0.0058205	0	0.0018935	0	0.015745	0	0.0012827	0.010216	0	0.00347	0	0.00061374	0	0	0	0.0011552	0	0.0048037	0.024162	0.014368	0.019483	0.011614	0.005886	0.0016126	0.0079587	0.011956	0.018005	0.016076	0.019449	0.020949	0.009586	0.026025	0.022775	0.026689	0.025457	0.022515	0.018837	0.016984	0.012872	0.02364	0.019513	0.020458	0	0.020901	0.0036679	0.014502	0.016092	0.014007	0.015942	0.012942	0.014125	0.007875	0.0046998	0.0057371	0.0083206	0.015953	0.0087587	0.020264	0.011501	0.016819	0.012597	0.0067194	0.0012722	0.0016487	0.0013786	0.00064929	0.0078997	0.0085526	0.0068098	0.0015819	0.0019791
0.0024953	0.010213	0.0051012	0.0053467	0	0.0019231	0.00045605	0	0.0020589	0.0040076	0.0080842	0.0056635	0.0048832	0.0071443	0.013554	0.0044353	0.0086177	0.0086642	0.0084845	0.013245	0.0062361	0.010648	0.0075794	0.0039156	0.0083716	0.0090427	0.011251	0.0093695	0.013456	0.015051	0.002678	0	0.0055502	0.01833	0.0074393	0.0048371	0.0078133	0.0071239	0.0057277	0.0084124	0.011459	0.0080726	0.0083031	0.0066933	0.0076816	0.0075544	0.0064041	0.0064136	0.0067837	0.0061974	0.0067566	0.014841	0.0041561	0.012328	0.0073765	0.0070785	0.0028928	0.0075372	0.0023898	0.0063848	0.004668	0.01513	0.0049165	0.0076062	0.004616	0	0.0035101	0	0	0	0.00054864	0	0.0018432	0	0.005593	0.019555	0.010111	0.01658	0.0044935	0.0052098	0.0074613	0.0074922	0.0093076	0.012611	0.009181	0.013215	0.014266	0.0059712	0.019369	0.014384	0.020287	0.015773	0.018393	0.012588	0.013562	0.0087268	0.019205	0.015949	0.013154	0.00014863	0.018486	0.003347	0.011441	0.014111	0.012051	0.011503	0.012041	0.012551	0.0088915	0.0026919	0.0078557	0.007649	0.010985	0.0071192	0.013528	0.010161	0.010736	0.0080156	0.007892	0.0034536	0.0024565	0.0028966	0.0035052	0.0074037	0.0093864	0.0071673	0.0080684	0.0028341
0.0020495	0.015676	0.0047841	0.0049257	0.00011942	0.0018064	0.001318	0	0.0025993	0.0023613	0.0097628	0.0060575	0.0065027	0.0056502	0.01035	0.0050872	0.0085634	0.011302	0.0065293	0.0082679	0.0052187	0.0095952	0.0088641	0.003964	0.0095294	0.012458	0.013975	0.011009	0.011695	0.016604	0.004776	0.0055502	0	0.01888	0.010749	0.0057011	0.0086705	0.0089785	0.010176	0.011058	0.01523	0.0094696	0.011475	0.010454	0.010955	0.012747	0.0063187	0.0081442	0.0077111	0.0036582	0.0053393	0.015002	0.0089169	0.019236	0.0070452	0.0077298	0.0065403	0.0094256	0.00057012	0.0068062	0.0040254	0.013743	0.0020171	0.0089958	0.011361	0.0031661	0.0046968	0	0.00050863	0	0.0012291	0	0.0021541	0	0.0051932	0.018619	0.010536	0.015001	0.0070876	0.0058864	0.0055846	0.0055599	0.010181	0.012591	0.014753	0.016676	0.016206	0.0052719	0.018623	0.014126	0.018141	0.016383	0.017101	0.013319	0.0098844	0.0086029	0.018768	0.012634	0.012372	0.00017796	0.018994	0.0027714	0.011322	0.016275	0.014607	0.014163	0.012513	0.016639	0.011411	0.006464	0.0074943	0.014232	0.015662	0.010518	0.01504	0.012881	0.01384	0.014043	0.0095791	0.0045494	0.0038867	0.0032139	0.0021929	0.01038	0.010387	0.0070584	0.0064706	0.0031179
0.0010886	0.0089858	0.0095656	0.0065924	0.00061945	0.0028593	0.0027723	0	0.0043222	0.0099235	0.016781	0.013975	0.0092867	0.016314	0.0044938	0.012987	0.016598	0.010098	0.016682	0.02068	0.016126	0.011859	0.012476	0.011786	0.014145	0.0060322	0.012248	0.010507	0.011069	0.0021002	0.020139	0.01833	0.01888	0	0.012917	0.018321	0.013693	0.014724	0.014064	0.01771	0.010447	0.017229	0.010942	0.013111	0.01305	0.011981	0.01251	0.017237	0.01314	0.013263	0.016951	0.014612	0.012848	0.0049518	0.013124	0.010069	0.0061446	0.0079916	0.012166	0.01166	0.012568	0.011325	0.01089	0.015356	0.011773	0.00031727	0.0024443	0.0027649	0	0	0.001454	0	0.001948	0	0.0058825	0.01214	0.0087721	0.010687	0.0024424	0.0027897	0.01364	0.011842	0.0028943	0.010135	0.0030681	0.0031229	0.0052786	1.8509e-05	0.0093317	0.0096727	0.011162	0.012918	0.0086832	0.012416	0.018398	0.004347	0.010731	0.014226	0.011349	0	0.0042391	0.0012592	0.0024909	0.0087293	0.0078492	0.001852	0.0061407	0.007178	0.0071678	0	0.0056413	0.0065776	3.7113e-05	0.0037202	0.004059	0	0.0022087	0.0060625	0.006087	0.0056912	0.00558	0.0019751	0.0065263	0.0063848	0.0099744	0.0042274	0.010257	0.0051179
0.0043427	0.012399	0.0041457	0.0030037	0	0.000904	0.0011598	0	0.00072602	0.0040956	0.005062	0.0038752	0.0034463	0.0049765	0.011225	0	0.012723	0.0039081	0.010033	0.017114	0.0026736	0.005815	0.0065508	0.0031908	0.005693	0.0072641	0.010993	0.0060355	0.014157	0.012365	0.0030191	0.0074393	0.010749	0.012917	0	0.0017901	0.0049081	0.0022451	0.0016823	0.0051171	0.0049946	0.0040336	0.0036555	0.0030946	0.012659	0.0056512	0.0074465	0.0047939	0.0075276	0.0022986	0.0080548	0.015472	0.0060108	0.010398	0.0016598	0.0061992	0.001627	0.0076305	0.002236	0.00028101	0.00070718	0.0098327	0.0011537	0.0039557	0.010311	0	0.004079	0	0.00013688	0	0	0	0.0018535	0	0.0062435	0.020509	0.014001	0.019537	0.01086	0.0048311	0.0079436	0.012388	0.0099629	0.017765	0.014359	0.015754	0.018751	0.0072993	0.022559	0.019271	0.022374	0.023746	0.018265	0.018913	0.020026	0.011931	0.019009	0.020721	0.019813	0	0.015471	0.0044813	0.011687	0.011008	0.014296	0.013323	0.010069	0.0099614	0.005439	0.0012004	0.0067398	0.0032887	0.010316	0.0060776	0.015672	0.0053141	0.014529	0.0099115	0.0060386	0.0014309	0.0028407	0.0015954	0.0018027	0.0065964	0.0094076	0.006493	0.0047974	0.0039652
0.004359	0.014502	0	0.0025169	0	0.00014626	3.7272e-05	0	0.00041986	0.00079897	0	0	0	0	0.014803	0	0.010196	0.0026772	0.0067361	0.010184	0	0.0044222	0.00065567	0	0.0015907	0.0077074	0.0094903	0.0027945	0.019233	0.016642	0	0.0048371	0.0057011	0.018321	0.0017901	0	0.00054574	0	0.0013417	0	0.0030165	0	0.0012574	0	0.013374	0.0026722	0.0029075	0.00056594	0.0049282	0	0.0018074	0.020923	0.0084201	0.014269	0	0.00057313	0.00053933	0.0035286	0	0.001136	0	0.015232	0	0	0.0073149	0	0.0035854	0	0.0017202	0	0	0.00057143	0.0018888	0	0.0078857	0.024133	0.015298	0.023249	0.013705	0.0079446	0.00075984	0.007994	0.013365	0.018677	0.018403	0.01932	0.022133	0.010059	0.026676	0.024363	0.025967	0.029221	0.024332	0.022218	0.019798	0.014224	0.027494	0.020479	0.022137	0	0.024106	0.0067334	0.016348	0.017505	0.016551	0.018306	0.012941	0.014576	0.0061762	0.0056971	0.0058191	0.0058449	0.015637	0.0091801	0.023368	0.012022	0.02025	0.012162	0.0061707	0	0.002873	0.0016488	0.00080241	0.0077442	0.010039	0.0087021	0.0023735	0.0021187
