0	0.0020694	0.00024788	0	0.0038428	0.0037976	0.0026017	0.0016381	0.00042442	0.00092541	0	0.00028332	0.0031072	0.003837	0.0045284	0.0021114	0.0040116	0.0030848	0.0033731	0.0024472	0.0027247	0.003997	0.001094	0.0032561	0.0026338	0.0029688	0.00072239	0.0044153	0.0020521	0.0035957	0.0018675	0.0035894	0.0027517	0.0014037	0.0015487	0.0014761	0.00048593	0.00010252	0.00017874	0.00081198	0.0016319	0.0024887	0.0012133	0.0034861	0.0024099	0.00074816	0.001927	0.0038155	0.0016558	0.001068	0.0018956	0.00076141	0.0022874	0.00044037	0.00035993	0.0017203	0.0018698	0.001724	0.0012118	0.0026674	0.0026752	0.0010476	0.00028572	0.00019574	2.8481e-05	0	0.0042543	0.001566	0	0.0022175	0.0018532	0.00021007	0.00089037	0.0022139	0.00073717	0.0026948	0.00055237	0.001396	0.0018995	0.00084046	0.0018132	0	0.00011444	0.0014754	0	0.00024189	0	0.0028766	0.0028451	0.0026145	0.0016007	0.0025772	0.0025185	0.0029322	0.0027411	0.0014874	0.0010594	0.0022325	0.00028591	0.00030589	1.5739e-05	0.00051195	0.00090027	0.0023745	0.0012264	0.0022322	0.00171	0.0030434	0.00048598	0.0011489	0.0033121	0.002905	0.00037883	0.00048694	0.00083088	0.0019621	0.001049	0.0010061	0.0012846	0.0014321	0.0021159	0.0026609	0.0015184	0.0023184	0.0011266	0.0027609	0.0066738	0.0085447	0.013885	0	0.0035203	0.00058203	0.0003539	0.004942	0	0.0056304	0.0017632	0.0002149	0.00019462	0.0069489	0.010288	0.0016096	0.0003344	0.004563	0.0030774	0	0	0.0062899	0.0013313	0	0.0095745	0.0055645	0	0	0.020136	0.0062341	0.00093975	0.011458	0.011526	0.0090478	0.0025917	0.0029986	0.002935	0.002843	0.0020929	0.0076675	0.0039329	0.0030136	0.0065273	0.0032143	0.0029784	0.0045999	0.0062026	0.0065586	0.0039157	0.0031137	0.0033375	0.0037697	0.0026491	0.0012449	0.002511	0.0062363	0.004226	0.0011241	0.0029514	0.0010195	0.0044609	0.0034128	0.0025524	0.0016809	0.0025455	0.00065052	0.00027968	0.00062137	0.0020915	0.0010112	0	0.0027073	0.001265	0.0034714	0.0028084	0.0028712	0.0033342	0.0026936	0.0029942	0.0034385	0.0034232	0.002032	0.0016831	0.0023607	0.0032707	0.0030906	0.0010624	0.0016819	0.0017784	0.00066723	0.00077185	0.00056283	0.0018107	0.0017104	0.0043568	0.0055033	0.0055763	0.0031557
0.0020694	0	0.0023079	0.0018735	0.0070557	0.0079292	0.015394	0	0.0017225	0.0036452	0.001877	0.0016037	0.0022182	0.0019922	0	0.001247	0.0019002	0.0015546	0	0.00093187	0.00047255	0	0.0019304	0.0015746	0	0.0005971	0.0018257	0.0018077	0.00050393	0.0011178	0.0026923	0.00046542	0.0010128	0.001977	0.0015481	0.0031928	0.0017094	0.0032579	0.0021003	0.00091005	0.00079257	0	0.0019182	5.857e-05	0	0.0020097	0.0046918	0.00024872	0	0.00084701	0.0036209	0.0028258	0.0024084	0.0029869	0.0048163	0.0026202	0.0020603	0.0025763	0.0032033	0.0027874	0.0032154	0.0023384	0.0032291	0.0011001	0.001695	0.0025589	0.0020585	0.0036251	0.0047249	0.0062437	0.0067909	0.0042016	0.0032456	0.0039857	0.0049018	0.0051101	0.0089894	0.0048216	0.0055956	0.0025007	0.0024867	0.0037052	0.003254	0.0042383	0.0020927	0.0084648	0.0029518	0.0058083	0.0040326	0.0046786	0.0055104	0.0040669	0.002203	0.0070826	0.0046992	0.0052193	0.004879	0.005069	0.0049363	0.005791	0.006519	0.0078628	0.0052154	0.0050385	0.0065052	0.0036368	0.0048145	0.0055484	0.0016413	0.0031897	0.0087659	0.0051637	0.006774	0.0031976	0.0074637	0.0050874	0.0024729	0.0025906	0.0066727	0.0061986	0.0020043	0.0027017	0.0012686	0.011354	0.0015593	0.010639	0.0013299	0.00076207	0.0014706	0.0025793	0.00056846	0.00048578	0.00014668	0.0013731	0.00063099	0.0018203	0.0016925	0.0015544	3.152e-05	0.0025902	0.0032028	0.00084017	0.00086038	0.00087053	0.00077797	0.0014559	0.0023783	0.0020157	0.00012183	0.0018943	0.00055368	0.001874	0.001583	0.0012382	0.0024339	0.0010785	0.0010424	0.0013336	0.0026779	0.00094853	0.0020556	0.0062678	0.0063728	0.0048712	0.0017731	0.0016075	0.0024924	0.0056117	0.0041565	0.0053283	0.0062039	0.0083619	0.0058656	0.003015	0.0046063	0.004582	0.0059086	0.0055473	0.0033911	0.0032477	0.0057643	0.0034237	0.0093109	0.0033081	0.0060705	0.0023083	0.0044531	0.0014632	0.0027573	0.0048055	0.0058954	0.0045768	0.0039575	0.0024611	0.0016313	0.00030441	0.0044282	0.002883	0.0020614	0.0031482	0.0021753	0.0051721	0.0059532	0.0028938	0.00083702	0.0021802	0.0017777	0.001833	0.0030587	0.0031024	0.004946	0.0032305	0.0014127	0.0024473	0.0022957	0.0016091	0.0033424	0.0028055	0.0077311	0.0037814	0.0001077	0	0.00024885	0.00054798
0.00024788	0.0023079	0	0.0088486	0.0058101	0.0021628	0.0067602	0	0.0025776	0.0053771	0.00089307	0.002126	0.0002864	0.0016817	0	0.0016659	0	0.00050756	0.0011407	0	0.00011978	0.00074167	0.0019987	0.0010796	0	0	0.00067276	0	0.0011281	0	0.0032504	0.0009074	0.00011703	0.0032887	0.0018278	0.0021256	0.0023095	0.0014516	0.0014807	0.001288	0.0018929	0	0	0	0	0.001979	0.00071791	0	0	0	0.0016384	0	0.0013357	0.001506	0.00018246	0.0029263	0.00094558	0.0021118	0.0035867	0.0021819	0.0033911	0.0024113	0.0011679	0	0.001704	0.0013206	0	0.0033633	0.0068928	0.011233	0.010998	0.0096685	0.0077803	0.0032438	0.0093522	0.0068171	0.0055978	0.010674	0.0096887	0.012283	0.010006	0.011739	0.011293	0.011105	0.0066435	0.0089744	0.010236	0.0056962	0.0074428	0.0073985	0.0070086	0.007462	0.0040014	0.0069926	0.009776	0.0087604	0.011327	0.010361	0.013251	0.010729	0.011719	0.0096227	0.0098284	0.005447	0.0088675	0.0055445	0.0088583	0.0088042	0.012911	0.0065504	0.004054	0.0063455	0.002921	0.012759	0.0058851	0.0058593	0.0042396	0.003585	0.006721	0.0081221	0.0014556	0	4.1143e-05	0.0069141	0.0027291	0.0049214	0.0001837	0.0010247	3.0623e-05	0.0027067	0	0.00076354	0	0	0.0009414	0	0	0.00094332	0.0014345	0	0	0	0	0	0	0.0010677	0.0066157	0	0	0.0068797	0	0	0.00073278	0.0022994	0	0	0.00077363	0	0	0	0	0.00034945	0	0	0.0008675	0	0.004251	0.0042477	0	0.00029025	0	0	0	0	0	0.0014376	0.001604	5.8267e-05	0.00033628	0.001681	0.0029205	0	0.00078244	0.0027524	0.0020977	0	0	0	0	0	0	0.00089334	0.0024231	0.002432	0	0.00056082	0.0042999	0	0.00065432	0	0	0	0.002099	0.0022948	0.0032806	0.001204	0.00021038	0.0036554	0.0020776	0.00040485	0.00079049	7.3005e-05	9.42e-05	0.0031996	0.003592	0.0032076	0.0029812	0.0027908	0.0065436	0.0067642	0.0012673	0	0.00021446	0.00056003
0	0.0018735	0.0088486	0	2.0668e-05	5.5699e-05	0.0012865	0.00067648	0.00014516	0.0019188	3.0852e-05	0.00072826	0.0011998	0.00093276	0	0	0	0	0	0.00015057	0	0	0.0010116	0	0	0	0.00016411	0	0.00065065	0.00017252	0.00058325	0.00042381	8.7099e-05	0.00098156	0	0.001267	0.0016833	8.6207e-05	0.00035265	0.00082713	0.00010025	0	0	0	0	0.00073545	0.0022064	0	0	0.00096849	0.00065111	0.0014811	0.00029054	0.00098193	0.0015504	0	0.00036904	0.00089944	0.0015562	0.0025653	0.00074409	0.0012712	0.00027534	0.00060517	0.00039593	0.00013791	0.00063664	0	0.002171	0.0052248	0.0040768	0.0034824	0.0017722	0.00096009	0.0028506	0.001162	0	0.0020181	0.0015968	0.0044226	0.0034906	0.0058987	0.0049777	0.0042004	0.0049769	0.0024952	0.0062962	0.0005445	0.002291	0	0.0006461	0	0.0018141	0.0010005	0.001347	0.00067106	0.0028779	0.0028922	0.0045856	0.0035951	0.0040299	0.0033324	0.0034361	0	0.0035818	0.00037603	9.6085e-05	0.00049484	0.0037919	0.0010149	0.0020577	0.0010491	0.0012762	0.0016997	0.0013828	9.5053e-05	0.0011835	0.00077765	0	0.0025457	0.00059146	0.00071244	0.0010208	0	1.2094e-05	0	0.0014811	0	0.00054974	0.0005544	0.00063461	0.0013777	0.0008195	0.00055853	0	0	0.00019169	0.00038032	0.0012232	0	0	0	0.00017173	0	0.00090344	0.0011474	0.0027015	0	0.00022221	0.0039498	0	0	0.00062486	0.0018528	0	0.00029911	0.00090158	0.00030822	0	0	0	0	0	0	0	0	0.0015077	0.0022043	0	0	0.00062171	0.00016364	0	0	0	0.00015179	0.0011055	0	0	0	0	0	0	0	0	6.5127e-05	0	0	0	0	0	0	0.0014985	0.00058602	0.0012517	0.00019418	0.0016451	0	0.00014618	0	0	0	0.0012882	0.00050403	0.0030952	0	0	0.0022751	0.0016269	0.00060986	0.00092031	0.0017765	0.0012206	0	0.00086492	0.00085006	0.001729	0.0014263	0.0007115	0	0.0013791	0	0.0015121	0
0.0038428	0.0070557	0.0058101	2.0668e-05	0	0.017108	0.010109	0	0.0013223	0.003333	0	0.0018102	0.0035387	0.0017934	0.00088201	0	0.0016812	0.00093657	0.00055523	0.00034875	0.00059838	6.6996e-05	0.00054458	0.00076505	0.00020567	0.001102	0	0.0011861	0	3.1149e-05	0.0018727	0.00049296	0.00050652	0.0041001	0.0017207	0.001906	0.0024519	0.0014936	0.0014613	0.0014468	0.002344	0	0	0.0010269	0	0.0011306	0.00098633	0	0	0	0.00016438	0	0	0	0	0.00397	0.0012931	0.0024354	0.0021252	0.00064601	0.0027408	0.00096054	0	0	0	9.569e-05	0	0.0022567	0.0049677	0.0084625	0.0058549	0.0037403	0.0093511	0.0059637	0.008506	0.016366	0.007337	0.014615	0.013812	0.0054043	0.011324	0.0038364	0.0043604	0.011325	0.0040894	0.010976	0.0045777	0.019142	0.012496	0.010517	0.011897	0.012622	0.0089519	0.012059	0.0086935	0.0095582	0.0089677	0.010262	0.0071419	0.00942	0.0062372	0.0080472	0.0056804	0.010131	0.0072313	0.0064896	0.0093346	0.020604	0.0068683	0.0091526	0.022017	0.015187	0.0049929	0.010195	0.010171	0.0068632	0.010849	0.0043993	0.0071808	0.010363	0.0040295	0.0050433	0.00055465	0.0087808	0.0019414	0.013855	0.0043435	0.0033725	0.0033158	0.0010456	0.00077324	0.00078941	0	0.0021811	0.001009	0.0012775	0.0013497	0.0012611	0.0007095	0.0034474	0.003378	0.00073634	0	0.0010933	0.00098054	0.0011979	0.0011338	0.0022442	0.001125	0.0043036	0.0020168	0.0032015	0.00040483	0	0.0037059	0.0021125	0.00050707	0.0025533	0.0038075	0.0021444	0.0011995	0.008999	0.0034727	0.0077585	0.0028825	0.0053916	0.0051819	0.0088017	0.0022961	0.0030497	0.0026612	0.0032029	0.0076478	0.0023587	0.012433	0.012299	0.010909	0.0093942	0.0094636	0.0091059	0.011084	0.0037118	0.01413	0.0055565	0.0076253	0	0.0080664	0.0011184	0.0023252	0.0033939	0.00059619	0.0036605	0.0066599	0.0012668	0	0.00060203	0.0019822	0.00058957	0.0022032	0.0066351	0.0034608	0.003031	0.0070461	0.0033771	0	0.0017439	0.0015685	0.00047956	0.0012419	0.001868	0.0020132	0.0026915	0.0010531	0.0042488	0.0021837	0.0022761	0.0058623	0.0036227	0.010237	0.0061669	0	0.0014136	0	0
0.0037976	0.0079292	0.0021628	5.5699e-05	0.017108	0	0.0090874	0	0.00078542	0	0.00019394	0.0013442	0.001696	0.00056876	0.0020732	0.00057356	0.0013154	0	0.0008039	0.00011119	0.0020445	0	0	0.00028494	0.00077382	0.00046131	0	0.0048535	0	0.00070666	0.0010905	0	0.00042245	0.0020312	0.00062492	0.0011827	0.0015269	0.00098539	0.0017659	0.0011391	0.0015074	0	6.6588e-05	0.0020383	0.0010458	0.00099182	0.0027684	0.00068593	0	0	0.00096524	0.00065954	0.0010214	0	0.00072637	0.0020552	0.0014331	0.0012375	0.0014697	0.00038956	0.0014396	0	0	0	0.00039039	0	0.0007612	0.0013209	0.0026239	0.0023079	0.0014558	0.00084918	0.0019627	0.0071987	0.0025981	0.0085638	0.0014688	0.0054647	0.0070469	0	0.0027707	0	0	0.0034617	0.0013286	0.006324	0.0014043	0.011215	0.0069089	0.0044137	0.0052052	0.0059009	0.0041688	0.0055835	0.0011379	0.0022533	0.00089183	0.0036348	0.00040901	0.0028706	0.00022051	0.0030821	0.0014161	0.0060765	0.0022248	0.0017162	0.0026099	0.0076348	0.0011123	0.0033718	0.015457	0.0070389	0.0042757	0.002319	0.0032685	0.0010979	0.0047322	0.0011752	0.001609	0.0045485	0.0037592	0.0059714	0.002398	0.0032547	0	0.0078027	0.0023012	0.0027676	0.0012554	0.00078873	0.0028035	0.00083911	0.00091986	0.0027205	0.0010974	0.0022422	0.0016877	0	0.00039658	0.004155	0.0044418	0	0	0.0024508	0.00070684	0.00086654	0	0.003026	0	0	0.0034797	0.0016993	0.00086549	0	0.0046965	0.0024749	0	0.0029842	0.0029669	0.0019928	0.0025137	0.0086897	0.0056521	0.0090253	0.0048238	0.0050655	0.0014944	0.0058216	0.0069732	0.0062643	0.0072871	0.010254	0.014701	0.0062734	0.016126	0.014186	0.012821	0.01254	0.009982	0.0082357	0.0084944	0.0097935	0.01602	0.0050208	0.0081488	0.0012395	0.0071938	0.0042204	0.0046646	0.0046696	0.0061428	0.0044593	0.0042287	0	0	0	0	0.0030464	0.0020706	0.0099527	0.0015888	0.0054126	0.0054378	0.0036452	0	0.0017796	0.0027324	0	0.0013347	0.0025949	0.00327	0.0024034	0.00051808	0.0018561	0.0014535	0.0010648	0.002646	0.0019146	0.0047645	0.0017836	0	0.0016839	0	0
0.0026017	0.015394	0.0067602	0.0012865	0.010109	0.0090874	0	0	0.00082662	0.0034698	0.00076378	0.0022675	0.0023398	0.0022948	0	0.0019147	0.00035681	0.0005871	0	0.00069114	0.00023925	0	0.0013416	0.00080243	0	0.0013389	0.00057927	5.616e-05	0.00020493	0.00012992	0.0022876	0	0	0.0035784	0.0020348	0.0028347	0.0028103	0.0028184	0.0028421	0.0010184	0.0018621	0	0	0.00024447	0	0.0010589	0.0020372	0	0	0	0	0.00077708	0	0	0.00018643	0.0031055	0	0.0014387	0.0028054	0.00067459	0.002874	0.0016928	0	0	0.00073638	0.00073586	0	0.0029651	0.0078788	0.011236	0.012726	0.0054779	0.0075311	0.005768	0.0080055	0.0088374	0.011175	0.011501	0.012248	0.008387	0.0080954	0.008584	0.0069955	0.010701	0.0048973	0.013558	0.0073592	0.013787	0.010337	0.010068	0.011075	0.0099635	0.0047509	0.011056	0.0085713	0.0075939	0.009718	0.011699	0.010889	0.01085	0.013077	0.011218	0.0078346	0.0080354	0.00865	0.0059932	0.010342	0.010533	0.0052829	0.0054733	0.012592	0.011024	0.006355	0.0074672	0.0073559	0.0060399	0.0066286	0.0030135	0.0099492	0.011325	0.0021632	0.0033085	0.00037121	0.014112	0.0015776	0.01518	0.0028691	0.0026473	0.00086841	0.0015724	0.00025508	0	0	0.00087754	0.000337	0.0010105	0.0012227	0.0006027	0	0.00039206	0.001707	0	0	0.00020031	0.00076871	0.0012112	0.0032842	0.0010023	0.00067871	0.003625	0.00022291	0.00078376	0	0.0007012	0.0013344	0.0011624	0	0.0008363	0.0019004	0.00081333	0.0016468	0.010104	0.0062776	0.0040985	0.0035188	0.0025472	0.0044395	0.0080916	0.0034268	0.0074659	0.006002	0.0066458	0.005214	0.0012039	0.0065314	0.0083943	0.0093085	0.0067297	0.0063552	0.0064521	0.011806	0.00264	0.012549	0.0069746	0.0075449	0	0.0026862	0.0010014	0.0012094	0.0056207	0.0014096	0.0083828	0.0045661	0.0016447	0	0	0.0035044	0	0.00077936	0.0036592	0	0.002409	0.0066049	0.0034908	0.00051141	0.0013534	0.00059446	0.0037137	0.0018942	0.0036559	0.0041836	0.0039106	0	0.0013815	0.0014339	0.00091039	0.0020514	0.0022378	0.010046	0.0074482	0.00047368	0	0	0
0.0016381	0	0	0.00067648	0	0	0	0	0.008009	0.005948	0.0043798	0.0023905	0.0046615	0.0026124	0.0071802	0.0027485	0.0089694	0.0033126	0.0020367	0.0068608	0.0061626	0.0015968	0.000619	0.0028372	0.011516	0.0035642	0.0094881	0.0069015	0.0015682	0.0055062	0.00050023	0.0022373	0.010992	0.00097319	0.002553	0	0.00054696	0.0016799	0.0012433	0	0.0019703	0.010296	0.010403	0.0097858	0.014523	0.0063018	0.0050646	0.01336	0.012196	0.0046699	0.0089632	0.0042052	0.0095469	0.0095964	0.0085597	0.0020695	0.0066133	0.002622	0.0025238	0.0051439	0.0027573	0.0016744	0.0038771	0.0027323	0.0011502	0.0011185	0.0074624	0.0026396	0.0076143	0	0	0	0.0027416	0.010172	0.0013487	0	0.00027777	0	0	7.5605e-05	0.0022886	0.0032253	0.0018629	0.00093589	0.0045565	0.0012883	0.0029154	0	0.0034813	0.0002646	0	0	0.0067107	0.0011341	0.00040297	0.0011494	0.0016167	9.5961e-05	0.00023437	0.0026304	0	0.00094679	0.0016704	0.0011803	0.0011712	0.0026866	0.0022989	0.00013712	0.0014619	0	0	0.00023033	0.001021	0.0020286	0.0020311	0.0008447	0.0048843	0	0.0018553	0.00072852	0.0089646	0.0076753	0.017364	0	0.0025208	0	0.0043121	0.0036808	0.0037261	0.0022954	0.0091066	0.0047757	0.004436	0.0085324	0.0033886	0.008083	0.0054206	0.0021522	0.0043746	0.0053005	0.007587	0.0058904	0.0051803	0.0084188	0.003374	0.0040617	0.0019855	0.0046904	0.0050008	0.002585	0.0073231	0.0045838	0.010099	0.0013546	0.005339	0.0080115	0.0046029	0.0051697	0.0054568	0.0047182	0.0047094	6.9704e-05	0.0010059	0.0052829	0.0099578	0.0037168	0.00162	0	0.0061116	0.0005747	0.0057347	0.0044335	0.0057625	0.0095418	0.00040558	0.0011175	0	0	0.0016258	0.000172	0	0.005896	0	0.00046274	0.0011106	0.013674	0.0086045	0.0094005	0.0078662	0.0044806	0.009253	0.0012064	0.002996	0.0053824	0.010775	0.0088743	0.0043601	0.008958	0.0042393	0.0064192	0.010506	0.0094847	0.0028995	0.0044746	0	0.0041158	0.0063467	0.0024544	0.0030365	0.0020056	0.0021283	0.00096814	0.010762	0.0016379	0.0016989	0.0015843	0.0039199	0.0072728	0.0019923	0.00030577	0.0011365	0.0089614	0.0033904	0.0014111
0.00042442	0.0017225	0.0025776	0.00014516	0.0013223	0.00078542	0.00082662	0.008009	0	0.009858	0.0073736	0.0029132	0.0012081	0.001982	0.0073829	0.0046452	0.0021968	0.0045545	0.0062702	0.0047845	0.0060217	0.0052681	0.0025907	0.0073554	0.0069383	0.0038412	0.0054722	0.0048277	0.0027315	0.0047713	0.0037463	0.0057518	0.0045068	0.0028859	0.0060233	0.0056165	0.0030452	0.003613	0.0036934	0.0014	0.0031575	0.010277	0.0076213	0.0052266	0.006147	0.0095166	0.0057497	0.0061861	0.0095141	0.0058711	0.0073555	0.00669	0.0081227	0.0077523	0.0063512	0.0039314	0.0067508	0.0052839	0.0044475	0.0043079	0.0040448	0.0042267	0.0067891	0.0055343	0.0033561	0.0048531	0.0042512	0.0046425	0.0040246	0.0019374	0.0022311	0.0032198	0.0040585	0.0029403	0.0034447	0.0014757	0.0028884	0.00087137	0	0.0028879	0.0022163	0.0023057	0.0004596	0.0023159	0.0023784	0.0020115	0.0017537	0.00049963	0.0019007	0.0028486	0.0018259	0.0019424	0.0031324	0.0030517	0.0026481	0.0019841	0.0028343	0.0022035	0.0030355	0.0044333	0.0024049	0.0031214	0.0036747	0.0011082	0.0027087	0.0026364	0.0043586	0.0019989	0.0034933	0.0021694	0.001085	0.0030802	0.0019259	0.002695	0.0033791	0.0032739	0.0033466	0.002109	0.0036496	0.0016459	0.0016809	0.0028705	0.0050209	0.0029699	0.0038726	0.0015771	0	0.00024854	0	0.0044633	0.0032987	0.0035348	0.0031306	0.0042577	0.0029492	0.0033214	0.0046116	0.0019031	0.0029828	0.0029412	0.0037589	0.004053	0.0033028	0.0028136	0.0018605	0.0046852	0.0035811	0.0034461	0.0023141	0.0029187	0.0043429	0.00046412	0.006339	0.0027939	0.0023753	0.0024995	0.0019633	0.0017493	0.0019734	0.0021437	0.0052295	0.00054587	0.0011332	0.0036098	0.0033807	0.00062304	0.00014079	0	0.0030577	0	0.0019652	0.0016161	0.0030369	0.0030729	0.00042179	0.0017556	0	0	0.00032651	0.00051226	0	0.00066557	0.00092171	0	0.00080964	0.0071452	0.0059948	0.0078351	0.0023035	0.0041826	0.0056156	0.0028763	0.0041822	0.0058087	0.0067973	0.0057596	0.0043384	0.0043268	0.0035939	0.0013124	0.0041021	0.0048555	0.0028245	0.0046878	0	0.0062016	0.0053049	0.0033135	0.0034715	0.0021581	0.0045577	0.00021222	0.0068376	0.0036255	0.0040487	0.0041355	0.0045351	0.0065155	0.0036434	0.003058	0.00297	0.0026341	0.0036593	0.0024896
0.00092541	0.0036452	0.0053771	0.0019188	0.003333	0	0.0034698	0.005948	0.009858	0	0.011033	0.0058545	0.0034505	0.0054368	0.0044304	0.0064889	0.0025029	0.0090362	0.0085275	0.0048715	0.0046286	0.0080198	0.0058995	0.0069387	0.0061985	0.005556	0.0064899	0.0015732	0.0066896	0.0061857	0.0075745	0.0073862	0.0054709	0.0079936	0.01277	0.009144	0.0020526	0.0045904	0.0019556	0.00056478	0.0023226	0.0091117	0.0045265	0.0031896	0.0033068	0.011529	0.0051456	0.0036892	0.0064949	0.0060721	0.0073174	0.007418	0.0081648	0.010981	0.0077679	0.0067585	0.0066681	0.006394	0.0082169	0.0071277	0.0069456	0.0082831	0.0085722	0.0067398	0.003886	0.0054884	0.0019596	0.0073269	0.0039794	0.0076944	0.0077063	0.006472	0.0097454	0.00030865	0.0089487	0.0054758	0.0079705	0.0065672	0.0030798	0.010893	0.0074559	0.0053091	0.0066233	0.0092198	0.0030728	0.0087253	0.0046533	0.0039167	0.0045045	0.0098982	0.0075565	0.0055762	0.0057357	0.010737	0.011279	0.009039	0.010688	0.010077	0.011732	0.010202	0.010742	0.010134	0.010151	0.0048939	0.010734	0.0073221	0.010328	0.00711	0.0075192	0.0069703	0.003365	0.008396	0.0056036	0.0092803	0.0095746	0.0088605	0.0079892	0.0070928	0.01028	0.0063597	0.00087229	0	0.0031176	0.0093038	0.0076792	0.0051374	0.0010482	0.0012895	0.00016742	0.0040474	0.00019004	0.003129	0.002788	0.00020003	0.002522	0	0.0024299	0.0036604	0.0024182	0.0014591	0.00043049	0.0017933	0.00268	0	0	0.0040746	0.0054415	0.0004464	0.00083709	0.0070058	0.00065428	0.0012317	0.0031817	0.004477	0	0	0.0019135	0	0.0013231	0	0.0027218	0	0	0.0028501	0.00013351	0	0.0030456	0	0	0	0	0	0	0	0	0	0	0	0	0	0	0	0	0	0.00010256	0.0062282	0.0050606	0.0023966	0	0.0044235	0	0.0022452	0.0066357	0.0093185	0.009151	0.0085117	0.013511	0.0054386	0.0042878	0	0.0065006	0.0019814	0.0060629	0.0045759	0.0010363	0.006419	0.0049553	0.0036916	0.0049655	0.0044158	0.0058397	0.0020778	0.006905	0.0079025	0.0052067	0.0062807	0.0073571	0.0080027	0.0099169	0.009289	0.0024886	0.0013813	0.0045877	0.0036321
0	0.001877	0.00089307	3.0852e-05	0	0.00019394	0.00076378	0.0043798	0.0073736	0.011033	0	0.0072297	0.004268	0.0065308	0.007666	0.0098026	0.0057521	0.0098419	0.0089044	0.0085514	0.0077559	0.007034	0.0066079	0.0080614	0.0089686	0.0093415	0.010538	0.0054701	0.007486	0.0084515	0.0068956	0.0064814	0.0080703	0.0072322	0.012767	0.0081996	0.0029704	0.006008	0.0031427	0.0022263	0.0044978	0.012329	0.0080342	0.0068306	0.0087162	0.014101	0.0064992	0.0078817	0.012763	0.010196	0.007726	0.0082333	0.0074549	0.0077213	0.0071775	0.006645	0.0064266	0.0072142	0.0068978	0.0078062	0.0050707	0.0099472	0.0083807	0.0082115	0.0053656	0.0061248	0.0051076	0.0077133	8.5774e-05	8.8304e-05	0.001173	0.0019596	0.0017296	0	0.0025585	0.00019454	0.0016541	0	0	0.00097937	0	0	0	0	0	0.00033107	0	0	0.00022217	0.0021269	0.0018556	0.00043159	0.00099796	0.0020123	0.002279	0.0017852	0.0015598	0.0014935	0.0013767	0.00029373	0.0017084	0.0014023	0.0020188	0	0.00064156	0.00092421	0.001804	0.00056419	0.0017534	0.0014752	0	0.00062249	0.0011382	0.00091183	0.0023047	0.0023075	0.00072755	0.0027559	0.0012309	0	0	0	0.0016028	0.0023341	0.0035364	0	0	0	0	0.0028332	0.00020048	0.001645	0.002242	0.00030688	0.0024002	6.1483e-05	0.0023328	0.001579	0.0022114	0.002309	0.0016387	0.0020976	0.0025396	0	0	0.0036341	0.0031691	0.0015761	0.00039807	0.00088497	0.0021693	0	0.0030135	0.0012253	0.00018994	0	0	0	0	0	0.004234	0	0.001939	0.00066485	0.0028095	0	0	0	0.0015609	0.00045934	0.0022343	0.00067291	0.00010909	0.0011564	0	0	0	0	0	0	0	0.00016759	0	0	0	0.0075439	0.0019354	0.0057221	0.0020817	0.0021426	0.0045082	0.0011109	0.0012998	0.0041572	0.0075874	0.0028415	0.0036999	0.0033718	0.0031431	0	0.0019956	0.0020859	0	0.004718	0	0.0073992	0.006469	0.0024413	0.0037143	0.0035676	0.0054037	0.00037278	0.0039588	0.0028267	0.0045983	0.0023941	0.0015836	0.0033758	0.0013484	0.0014646	0.0030364	0.0016012	0.0054372	0.0037436
0.00028332	0.0016037	0.002126	0.00072826	0.0018102	0.0013442	0.0022675	0.0023905	0.0029132	0.0058545	0.0072297	0	0.016181	0.012189	0.0019916	0.0075644	0.0093145	0.010722	0.0044113	0.0067401	0.0013687	0.0033241	0.0095182	0.0042313	0.0057465	0.013761	0.0075083	0.0016272	0.0094352	0.012563	0.0064755	0.0023232	0.0098905	0.018989	0.015496	0.0052291	0.0046417	0.0041283	0.0046284	0.0038438	0.0041602	0.0043095	0.0018827	0.005796	0.0047883	0.006833	0.0033474	0.0047603	0.0031962	0.002987	0.0030148	0.0038359	0.0041281	0.0023247	0.0024144	0.0055641	0.0029279	0.0059721	0.0071055	0.0053913	0.0046143	0.0066032	0.0047523	0.0021668	0.0039236	0.0046577	0.001785	0.0059642	0.00030427	0.0017564	0.002878	0.0014708	0.0024156	0.00084062	0.003466	0.002747	0.0020247	0.001789	0.0020348	0.0029876	0.0014101	0.0007094	0	0.0019809	0.00022722	0.0012355	0.0013204	0.0011939	0.0016304	0.0034447	0.0025979	0.0034175	0.0012668	0.0038162	0.0046319	0.0030729	0.0029164	0.0022113	0.0027334	0.0020342	0.0035583	0.0020144	0.0021593	0.0016342	0.00063363	0.0019238	0.0025711	0.0027377	0.0041369	0.0040523	0.0020601	0.0020737	0	0.0026022	0.003095	0.0039997	0.0011552	0.0039533	0.0021064	0	0	0	0.00093085	0.0035202	0.0035218	0.0010567	0	0	0.00035544	0.0019549	0.0002729	0	0	0	0.0011002	0.00010782	0.0013345	0.00072111	0.0014504	0.001383	0.0018252	0.001678	0.00060271	0	0	0.0013146	0.0025586	0.0024835	0.00018195	0.00076582	0.0024467	0	0.0010534	0.00015405	0.0011373	0	0	0	0.0005798	0	0.0026725	0.0012578	0.0029537	0.00041371	0.00076524	0	0.0004929	0	0.0014176	0.001661	0.0020531	0.0018672	0.001259	0.0021472	0.00068244	0.00047369	0.00023223	0.0009548	0.0010698	0.0010542	0.0024389	0.00086331	0.0023247	0.0020879	0.0017021	0.0028311	0	0.0010192	0.00030096	0.00075948	0.001176	0.00047494	0.0010497	0.0017154	0.00036309	0.0021718	7.8856e-05	0.00064044	0.00019822	3.7019e-05	0.00038281	0.00046437	0	0.0034493	0	0.0031633	0.0031217	0.00088934	0.0017067	0.0012005	0.0039997	0	0.0008276	0.0040913	0.005124	0.0037253	0.001168	0.0025718	0.0013524	0.003092	0.00035008	0	0.00068691	0.0016524
0.0031072	0.0022182	0.0002864	0.0011998	0.0035387	0.001696	0.0023398	0.0046615	0.0012081	0.0034505	0.004268	0.016181	0	0.016204	0.0017847	0.0053947	0.014094	0.010272	0.0015814	0.0049394	0.0017638	0.0026027	0.0056031	0.0034888	0.0033817	0.013138	0.0079642	0.0011392	0.0051026	0.013694	0.0045728	0.0013944	0.013305	0.015757	0.0092135	0.0040399	0.0054719	0.0027943	0.0052186	0.0033947	0.0047699	0.0016023	0.00047904	0.0028568	0.0023339	0.0034727	0.0011908	0.0021869	0.0010432	0	0.0010414	0.00081602	0.002041	0	0	0.0038675	0.0022663	0.0047884	0.0042561	0.0035057	0.0024203	0.0044378	0.0022814	0	0.0022054	0.002574	0.00028619	0.0037128	0.00099455	0.0027249	0.0042425	0.0014514	0.0035257	0.0021149	0.0047378	0.003476	0.0020031	0.003416	0.0025061	0.0034124	0.0022736	0	0.001718	0.0028803	0	0.00030185	3.9559e-05	0.002346	0.0022113	0.0046392	0.0035509	0.0050448	0.0018574	0.0040399	0.0055674	0.0039523	0.0028804	0.0029664	0.0027961	0.0017938	0.0046633	0.0019448	0.001104	0.00061459	0	0.0032791	0.0029377	0.0040933	0.00322	0.0045428	0.0027723	0.0035665	0	0.0027626	0.0049291	0.0043937	0.0024842	0.0030811	0.0029983	0	0	0	0.00071025	0.0052211	0.0030722	0.0033516	0.0037732	0.0042258	0.003519	0	0.0019177	0	0	0.002225	0	0.0030976	0.0010234	0.00015711	0	0.0024751	0.0047428	0.0019613	0.001181	0.0028233	0.0014755	0	0.00033955	0.0034412	0.001925	0.00020241	0.0031529	0.002447	0	0	0.0031401	0.0027472	0.00010179	0.0021887	0.0029309	0.0020891	0.0028999	0.0020508	0.0023538	0.0018607	0.0012286	0	0.0041737	0.0030297	0.0015176	0.0008642	0.0020135	0.0010325	0.001231	0.0025699	0.00045637	0.0021144	0.0011623	0.00082887	0.00098181	0.0025237	0.0030165	0.0013126	0.0025089	0.002199	0.001261	0.0010423	0.00077175	0.0010845	0.00063146	0	0.00040171	0.00062999	0	0	0	0.002174	0	0	0	0.0012263	0	0.00103	0	0.001452	0	0.00093489	0.0011161	0.00030531	0	0	0.0017353	0	0.00095163	0.0035914	0.0030781	0.0020504	0.0018947	0.0022004	0.0017872	0.0035381	0.00075115	0	0	0.0013105
0.003837	0.0019922	0.0016817	0.00093276	0.0017934	0.00056876	0.0022948	0.0026124	0.001982	0.0054368	0.0065308	0.012189	0.016204	0	0.0014086	0.0083973	0.014104	0.015706	0.0029606	0.0065007	0.0014833	0.0031475	0.010437	0.0058711	0.0042833	0.01612	0.012971	1.6514e-05	0.0089896	0.012234	0.0078068	0.0027056	0.013678	0.016285	0.012107	0.0073909	0.0059756	0.0047465	0.0051543	0.0037772	0.0040494	0.0025958	0.0015245	0.0019372	0.0010486	0.0054847	0.0033377	0.0012122	0.0021669	0.00037164	0.0031095	0.0025237	0.003149	0.00070235	0.0013485	0.0068248	0.0036242	0.0069838	0.0059227	0.0052336	0.004941	0.0079997	0.0035444	0.00054094	0.0038188	0.0057218	0.0021274	0.0063755	0.00011201	0.0025959	0.0042892	0.0025891	0.0028897	0.00046306	0.0046251	0.0023547	0.0025609	0.002964	0.0022706	0.003315	0.0019033	0.00026338	0.0011263	0.0021676	0	0	0	0.00069409	0.0015037	0.0044956	0.0034222	0.0041115	0.0023032	0.003893	0.0053458	0.0036019	0.0029088	0.0030947	0.0028615	0.0012424	0.0045834	0.0018444	0.0013596	0	0	0.0032571	0.0022181	0.0035997	0.0038312	0.0045927	0.0013985	0.002532	0	0.0030749	0.0047925	0.0052957	0.0022145	0.0049134	0.0034291	0	0	0	0	0.0053183	0.0021348	0.001617	0.0018778	0.0014535	0.0024083	0.00051997	4.9365e-05	0	0	0.00030003	1.7653e-05	0.0010222	0.00032762	0	0.0011992	0.0022342	0.0026816	0.00135	0.0013616	0.00056001	0	0.00091463	0.0014934	0.0021401	0.0011487	0.0017996	0.0024931	0.00022816	0	0.00026987	0.0029161	0	0.00040683	0.00030717	0.0015126	0.00090259	0.0021043	0.0018282	0.0022971	5.8961e-05	0	0	0.0032315	0.00028531	1.3652e-06	0.00059779	0.0019518	0.0011114	0	0.0011897	0	0	0	0	0	0.00043711	0.0025485	9.4259e-05	0.0012352	0.0020731	0.000831	0.0019212	0	0.00023422	0.00077964	0.00019147	0.00020268	0.00053679	0	0.00037272	0	0.0021499	0	0	0	0	0	0.00049046	0	0.0024355	0	0.0019568	0.0025409	0.00079897	0	0.00045321	0.0033023	0	0.00096444	0.0042825	0.0048377	0.0033552	0.0025656	0.00224	0.0022134	0.0031897	0.0018016	0	0.0004547	0.0027736
0.0045284	0	0	0	0.00088201	0.0020732	0	0.0071802	0.0073829	0.0044304	0.007666	0.0019916	0.0017847	0.0014086	0	0.0089671	0.0027695	0.0048659	0.015365	0.0081196	0.020399	0.013976	0	0.012956	0.013004	0.0052111	0.0047842	0.02161	0.0020943	0.0075985	0.0042581	0.014814	0.0060624	0.0021368	0.0066651	0.0047455	0.0028945	0.0040176	0.0038672	0.0027684	0.0080752	0.014556	0.010846	0.011644	0.013119	0.0076803	0.0062707	0.011174	0.013353	0.010786	0.005799	0.0055654	0.0056411	0.003737	0.0054172	0.0021304	0.0067916	0.0038454	0.0043288	0.0057624	0.0031378	0.0051115	0.0061884	0.01263	0.0038668	0.0023309	0.014048	0.0038428	0.0021065	0.00039585	0.0014562	0	0.0017344	0.0055569	0.0027401	0.00099605	0.0010181	0	0	0.00040852	0.0008572	0	0	0.00042377	0	0	0	0	0.0011187	0.0023746	0.00091805	0.00075846	0.0015765	0.0015876	0.0015067	0.00058763	0.00099937	0.00092005	0.00020707	0.00020399	0.00018476	0	0.0013343	0	0	0.00061557	0.001392	0.0015319	0.00076982	0.0015158	3.3098e-05	0.0012317	0	0.00089275	0.0028766	0.0028702	0.0023033	0.0014804	0.0019687	4.3946e-05	0.0016938	0.0024771	0.0041664	0.0013329	0.0041457	0.00064828	0	0.0022495	0.0011603	0.00074802	0.0083257	0.00032266	0.0011721	0.0084547	0	0.0071505	0.0067649	0.0011246	0	0.0081893	0.012981	0.0024679	0.00027194	0.0092656	0.0014502	0	0	0.011234	0.0031294	0	0.014978	0.0023765	0.0034399	0	0.0087293	0.0089336	0	0.007444	0.0067169	0.0078456	0.0081929	0.0026314	0.0053556	0.003243	0.0080304	0.0037994	0	0	0.0097248	0.0058063	0.0063177	0.0044463	0.0072369	0.011767	0.0023537	0.0021208	0.0011018	0.0022156	0.00055421	0.00037454	0.0010578	0.0084879	0.00028221	0.0017817	0	0.0059115	0.0052566	0.012058	0.0054653	0.0029949	0.0083544	0.0015183	0.001898	0.0021452	0.0063663	0.0023142	0	0.0037815	0.0024737	0.003384	0.0030681	0.0038781	0.0010508	0.005454	0	0.0094035	0.0091356	0.0043486	0.0037639	0.0044785	0.004847	0.00055404	0.0059213	0.0015538	0.0020484	0.0026031	0.0031342	0.003492	0.0010067	0.00069038	0.0055526	0.0067968	0.010744	0.0045202
0.0021114	0.001247	0.0016659	0	0	0.00057356	0.0019147	0.0027485	0.0046452	0.0064889	0.0098026	0.0075644	0.0053947	0.0083973	0.0089671	0	0.004322	0.013169	0.011524	0.014541	0.0092413	0.011529	0.011154	0.014954	0.011009	0.012194	0.011455	0.0058983	0.01017	0.01158	0.015709	0.010543	0.0066314	0.0073991	0.01357	0.011007	0.0034029	0.0047206	0.0037097	0.002303	0.0039093	0.0089334	0.0030545	0.0088206	0.0088616	0.0084108	0.0056046	0.0079636	0.0075211	0.0061632	0.0061813	0.003904	0.0055938	0.0043844	0.0031966	0.0046736	0.0039198	0.006925	0.0064015	0.0070493	0.0042705	0.010448	0.005842	0.008231	0.0046411	0.0045859	0.0049737	0.0058109	1.8542e-05	0.0015735	0.0028573	0.00081397	0.0015992	0	0.0026717	9.7262e-05	0.001373	0.00036052	0	0.0013028	0.00021537	0	0	0.0013841	0	0.00051008	0.00022753	0	0.0010591	0.0022004	0.0016415	0.0012363	0.0020853	0.0020402	0.0023643	0.0021633	0.0024691	0.0018364	0.0021458	0.001899	0.0032482	0.0023736	0.0022958	0	0.00046516	0.0011643	0.0012101	0.0015041	0.0028446	0.0020262	0	0.0012304	0	0.0020501	0.0027293	0.0022162	0.00024079	0.0023459	0.0018631	0	0	0	0.0015468	0.0019284	0.0035868	0.00041784	0.00023686	0.00075187	0.0014896	0.0029154	0.00067003	0.0013788	0.001609	0.00013067	0.0013056	0.0015721	0.0011592	0.0016241	0.0013626	0.0024703	0.0029813	0.0030253	0.0035939	0.00062369	0	0.0027724	0.0024397	0.0028754	0.0011766	0.0012371	0.0035366	0	0.0019668	0.0020405	0.002493	0	0.00083885	0.0005038	0.0020241	0.00066413	0.0023852	0.00057376	0.0012622	0	0.0033008	0	0.00050945	0	0.0017132	0.00060924	0.0022969	0.0013976	0.00066085	0.0016103	0	0	0	0	0	0.00014652	0.00014264	0.00097406	0	0.00052204	0.00020498	0.0063941	0	0.0027482	0.0016286	0.00070727	0.0022383	0.0014883	0.00012137	0.0016996	0.0036849	0.0024376	0.0010452	0.00091067	0.0011283	0	0.0014925	0.0010757	0	0.0023401	0	0.0048109	0.005833	0.0012575	0.0025959	0.0014414	0.0051111	0	0.001491	0.0028822	0.00468	0.0037932	0.0023338	0.0023685	0.0023477	0.0020809	0.0048434	0.0027696	0.0070514	0.0069964
0.0040116	0.0019002	0	0	0.0016812	0.0013154	0.00035681	0.0089694	0.0021968	0.0025029	0.0057521	0.0093145	0.014094	0.014104	0.0027695	0.004322	0	0.0081981	0.0020246	0.0062845	0.0041111	0.0028284	0.0039609	0.0036449	0.0050452	0.011324	0.013201	0.0024759	0.0038616	0.0092896	0.0032168	0.0017334	0.017373	0.010762	0.0071002	0.0026397	0.0025019	0.0023477	0.0026365	0.0022486	0.0034472	0.0034162	0.0039998	0.0056515	0.0048651	0.0049826	0.0027425	0.0051443	0.0033246	0.0011477	0.0033651	0.0013869	0.0030425	0.0016627	0.0016085	0.0044043	0.0033531	0.0039104	0.0039105	0.0040263	0.0027375	0.0045808	0.0030371	0.00059354	0.001207	0.0027779	0.0034838	0.0037762	0.0007778	0.00051746	0.0016583	0	0.0014475	0.0033242	0.0023043	0.0010133	0.0010229	0.00019538	0.00022749	0.00080073	0.00025142	0	0	0.00060171	0	0	0	2.7594e-05	0.00053478	0.0019352	0.001246	0.0012076	0.0021417	0.0012172	0.0024934	0.0021073	0.0012935	0.0010181	0	0	0.0010388	0.00064431	0.00037766	0	0	0.0014442	0.00090334	0.0016393	0.0016652	0.0021808	0.00069985	0.001223	0	0.00079142	0.0026648	0.0031031	0.0008203	0.0019545	0.0016171	0	0.0012727	0.00067515	0.0042875	0.0026365	0.0020715	0.001382	0.0049349	0.0047645	0.003966	0.0005445	0.0051887	0.00090727	0.00057438	0.0038039	0.001857	0.0051522	0.0022667	0.0011579	0.0014731	0.0046982	0.0064664	0.0037104	0.0052271	0.005853	0.0029781	0.0015754	0.00041898	0.0044006	0.004508	0.00029189	0.0054295	0.0040019	0.001921	0.0011234	0.0048504	0.0055863	0.0023868	0.0037132	0.0046656	0.0054697	0.0028608	0.00077727	0.0015036	0.0010437	0.0018722	0.0019684	0.0014948	0	0.00236	0.00029598	0.0020418	0.0030771	0.0030231	0.0049317	0.00099616	0.00054394	0.00038435	0	0.00036791	0.00066461	0.00042142	0.0045798	0.0013216	0	0	0.005657	0.0025301	0.0033611	0.0021829	0.0003477	0.0022897	0.00034119	0	0.00015134	0.0011708	0.0017795	0	0.00052407	5.0824e-05	0.0019414	0.0027294	0.0022541	0.00081287	0.0021102	0	0.0013967	0.0027558	0.00010787	0	0	0.0022605	0	0.0025655	0.0025983	0.0035659	0.0016552	0.0016629	0.0023879	0.00084505	0.0018393	0.001597	0.0028547	0.0014731	0.0018633
0.0030848	0.0015546	0.00050756	0	0.00093657	0	0.0005871	0.0033126	0.0045545	0.0090362	0.0098419	0.010722	0.010272	0.015706	0.0048659	0.013169	0.0081981	0	0.012261	0.010833	0.0036434	0.014761	0.015484	0.010278	0.010894	0.01412	0.015196	0.0024856	0.018325	0.017056	0.007934	0.010471	0.011417	0.010811	0.014952	0.0098477	0.0052334	0.0056831	0.0056169	0.0040072	0.0043095	0.0077539	0.0031423	0.0039949	0.0050002	0.0098105	0.0042715	0.0044978	0.0055457	0.0066143	0.006162	0.0044669	0.0060579	0.0042731	0.003278	0.0073165	0.005759	0.0082878	0.0081552	0.0095072	0.0061744	0.010257	0.0069363	0.0064841	0.0065055	0.0079492	0.0024433	0.0080999	0	0.00078655	0.0017504	0.0025823	0.0014531	0	0.002677	0.00027576	0.0018432	0.00012952	0	0.0018994	0	0	0	0.00072458	0	0	0	0	0	0.0024661	0.0010945	0.00081113	0	0.0020575	0.0036828	0.001681	0.0010966	0.00072575	0.0015364	0.00047578	0.0031349	0.0017508	0.001424	0	0	0.0011038	0.0005575	0.0023561	0.0026099	0.0026396	0	0	0	0.0019543	0.0028245	0.0030105	0	0.0032838	0.00085502	0	0	0	0.00014292	0.0028428	0.0017833	0	0.00095852	0.0014815	0.0012533	0.0034679	0	0.0015824	0.001712	0	0.0012644	0.00033149	0.00057664	0.0024877	0.0023407	0.00092899	0.0010351	0.0032075	0.004195	0	0	0.0033367	0.00325	0.0010724	0.00026195	0.001798	0.0020334	4.853e-05	0.0015522	0.002714	0.0017535	0	0.0015076	0.00031126	0.00076462	0	0.0015663	0	8.0954e-05	0	0	0	0.0011987	0	0	0	0.00068484	0.00045441	0	0	0	0	0	0	0	0	6.3705e-05	0	0	0	0	0.0049208	0	0.00049746	0	0.00041959	0.00011417	0	0	0.0006709	0.0019335	0.0013021	0.00067159	0	0	0	0.00060932	8.2774e-05	0	0.0027237	0	0.0048734	0.0047231	0.0010854	0.001434	0.0004398	0.0046066	0	0.0020326	0.0031523	0.0059707	0.0030865	0.0011435	0.0034267	0.0020817	0.0025597	0.0044482	0.00060076	0.0061564	0.0068967
0.0033731	0	0.0011407	0	0.00055523	0.0008039	0	0.0020367	0.0062702	0.0085275	0.0089044	0.0044113	0.0015814	0.0029606	0.015365	0.011524	0.0020246	0.012261	0	0.0077834	0.009601	0.02822	0.0045122	0.014083	0.014588	0.0057931	0.0041485	0.011232	0.0090685	0.010976	0.0063869	0.023721	0.0044255	0.0046811	0.011516	0.0052606	0.00092466	0.0043812	0.0022229	0.001966	0.0044473	0.01358	0.004258	0.0087329	0.0094519	0.0095773	0.0038552	0.0077725	0.009851	0.010601	0.0059662	0.0044135	0.0053438	0.0043781	0.0037331	0.003592	0.0048212	0.0043271	0.0053312	0.0070594	0.0038051	0.0076977	0.0063117	0.014307	0.0054276	0.003665	0.0052842	0.0061472	0.00013464	0.0013847	0.0021999	0.0011386	0.00091192	0.00017913	0.0026882	0.00074634	0.00061107	9.0401e-05	0	0.001805	0.00074957	3.4171e-05	0.00050678	0.0010423	0.00025897	0.00053583	0.00098204	0	0	0.0018153	0.00089011	0.00026197	0.00023758	0.00115	0.0026776	0	0.001049	0.0013156	0.0018513	0.0008343	0.0020127	0.0010394	0.0020716	0	0.00037522	0.00056085	6.8262e-05	0.002154	0.0027527	0.0022722	0	0.00055302	0	0.0021149	0.0025136	0.0020802	0	0.0025934	0.0010593	0	0	0	0.0013783	0.0019682	0.0043524	5.7841e-05	0	0.00050583	0.0015096	0.0037272	0.001445	0.0008906	0.0022916	0.0014603	0.00046661	0.0016831	0.00075795	0.0035847	0.0013676	0.0019291	0.0038865	0.0023678	0.00079655	0.00021998	0	0.0027935	0.0027353	0.0030752	0	0.00093441	0.0067389	0	0.0028835	0.0015286	0.0032184	0	9.2035e-05	0.0022914	0.0011747	0.0019374	0.0021579	0	0.00064137	0.00089884	0.0017267	0.00058484	0	0	0.00084521	0	0.00037927	0	0.0023146	0.0026105	0	0	0	1.1309e-05	0	0	0	0.001593	0	0	0	0.0057207	0.0018746	0.0030803	0.0017984	0.0012668	0.0016805	2.0378e-05	0.00072902	0.0012367	0.0033798	0.0018485	0.0017375	0.001811	0.0017374	0	0.0020525	0.00025328	0	0.0033934	0	0.0086222	0.0061321	0.0037091	0.0027274	0.0025317	0.0031302	0	0.0014815	0.0017324	0.0041567	0.0026388	0.0010085	0.0023421	0.0019714	0.0019566	0.0061665	0.0049837	0.015806	0.010061
0.0024472	0.00093187	0	0.00015057	0.00034875	0.00011119	0.00069114	0.0068608	0.0047845	0.0048715	0.0085514	0.0067401	0.0049394	0.0065007	0.0081196	0.014541	0.0062845	0.010833	0.0077834	0	0.0082803	0.0062041	0.012451	0.012082	0.015929	0.0088354	0.01589	0.0056519	0.011056	0.0091742	0.010193	0.0054906	0.0076014	0.0064571	0.010362	0.0082633	0.0032953	0.0055759	0.0041942	0.0021531	0.0050822	0.0075465	0.0067151	0.012564	0.01105	0.006973	0.0057972	0.010163	0.0079169	0.0068404	0.0066944	0.0047533	0.006268	0.0058716	0.0052114	0.0042396	0.0072116	0.0065588	0.0070628	0.0080407	0.0047002	0.010353	0.0068541	0.0080731	0.0050513	0.0060623	0.0066608	0.0054873	0.00094381	0.0010491	0.0023666	0.001046	0.0024541	0.0026475	0.0027557	0.0013586	0.0017477	0.00038204	0	0.0015813	0.001338	0.00060376	0	0.0011139	0.00036486	0.0001902	0.0004373	0	0.00080951	0.0023788	0.0016291	0.00050839	0.0024107	0.0027002	0.0031154	0.0027418	0.0024897	0.0022405	0.001244	0.001779	0.0019306	0.001737	0.0019735	0	0.0010076	0.0019892	0.0022656	0.0015699	0.0037278	0.0029172	0	0.0011281	0	0.0023548	0.0041261	0.0028136	0.00092023	0.0026439	0.0024201	0	0.00012181	0.00032831	0.0061603	0.0025104	0.0038784	0.0010449	0	0.00019871	0.00052301	0.0025236	0.0029558	0.0019815	0.0012157	0.0018597	0.0027583	0.0016596	0.0026819	0.00070364	0.0015396	0.0036508	0.003953	0.0041083	0.0049501	0.0040619	0.0008531	0.0044232	0.0023014	0.0044239	0.0032923	0.00072173	0.0052202	0.00085016	0.0045071	0.0016652	0.0039158	0.0025522	0.001266	0.001707	0.0019628	0.0029011	0.0036314	0.0010436	0.0012101	0.00091359	0.0036901	0.0001814	0	0	0.0035644	0.00072975	0.0017533	0.0014583	0.0014749	0.0050063	0	0	0	0	0	0	0	0.0031248	0	0	0	0.0091437	0.0017888	0.0048633	0.0021433	0.0018626	0.003248	0.001176	0.00079813	0.0025728	0.004526	0.0031724	0.0013367	0.0024539	0.001207	0.00048902	0.0033134	0.0016142	0	0.0042914	0	0.0044642	0.0058328	0.0012855	0.0020562	0.0014447	0.0054453	0	0.0037963	0.0038145	0.0055873	0.004035	0.0026366	0.004768	0.002227	0.0025134	0.0051487	0.0041132	0.0049799	0.0042883
