0	0.008243	0.0052587	0	0.0012627	0	0	0.00045508	0.00093599	0	0.00095967	0.00022454	0.00096432	0	0	0	0.0010649	0	0	0.00049786	0	0	0	0.0020813	0	0	0	0.00027512	0.00019783	0	0	9.1103e-05	0.0020943	0.0011973	0.001053	0.0013767	0.0022596	0	0	0	0	0	0.0018784	0	0	0	0	0	0.00078593	0	0.00031915	0.00045733	0.0011793	0.00057264	0	0.00068113	0	0	0.00032512	0	0.0011857	0.00043711	0	0.00014767	0.00010559	0.0018657	0	0.0045633	0	0.0023255	0.0019674	0.00068055	0.0021113	0	0.00051944	0.0010151	0	0.0015133	0.0034029	0.0024243	0.00164	0.0040256	0.0020627	0	0	0.000552	0.0003715	0	0	0	0	0	0.00016224	0	0	5.1502e-05	0	0.0052311	0.0014891	0.00080227	0	0.0057719	0	0.0010964	0.00607	0	0.0037591	0	0	0.0032284	0.0049249	0.0049427	0.0030323	0	0.0019947	0.0030883	0.0040542	0.0036995	0.0010139	0.0014077	0.0023021	0.0034063	0.0028689	0.0025265	0.0025675	0.0024724	0.0024238	0.0020744	0.002057	0.0015283	0.0027973	0.0019272	0.0020333	0.0024761	0.0030316	0.0017389	0.0012881	0.0030368	0.0024209	0.0005801	0.002357	0.0011096	0	0	2.6993e-05	0.0012274	0.00081171	0.0006954	0.00058906	0.0018602	0.0040634	0.0010867	0.0030656	0.0017594	0	0	0.0016029	0.0017068	0.00043646	0.00025878
0.008243	0	0.0039614	0	0.0027754	0.00053348	0	0.00072004	0.0023023	0.0018617	0.0015075	0	0.00033252	0.00034875	0.00030776	0	0.00027214	0	0.00044855	0.00068554	0.00079062	0.00091612	1.3018e-06	0.00096876	0.0014301	0.00056945	0	0.00030839	0	0.0010237	0.0013261	0.0010867	0.0031549	0.0026254	0.0014296	0.0024841	0.0026617	0.00093192	0.0010155	0	0	0.00013562	0.0025812	0	0.00013972	0.0011006	0.00082378	0.0011249	0.0016306	0	0.0021961	0.0018451	0.0026089	0.0014689	0.00028773	0.00057714	0.00073599	0.00097256	0.0016447	0.001684	0.0020073	0.0012181	0	0.0017505	0.0030752	0.0031882	0.0029292	0.0043194	0.00056707	0.0054748	0.0028515	0.0038444	0.0056929	0.00024767	0.0037051	0.0020518	0.001571	0.002305	0.0040281	0.0022053	0.0030511	0.0050998	0.0029804	0.00072396	0.00094077	0.0022024	0.0034524	0.0019563	0.0013379	0.001482	0.00082284	0.0037167	0.0012742	0.0025397	0.00064705	0.00048415	0.0013679	0.0045277	0.0023804	0.0036399	0.0015543	0.0057998	0.0037785	0.0037337	0.0071042	0.0010427	0.0020889	0.0014282	0.0030935	0.0039136	0.0022107	0.0034362	0.0029791	0.0014063	0	0.0047429	0.001176	0.0025058	0	0.00032198	0	0.0008637	0.00019207	0.00054123	0	0	0	0.00041282	5.161e-05	0.00018449	0.00035161	0	0	6.1674e-05	0.00087174	0.00089215	1.9921e-05	0.0015794	0	0.0019142	0.00074909	0.0021448	0	0.0010514	0.00052461	0.00018058	0.00058985	0.001579	0.0010758	0.002622	0.0040077	0.001521	0.0047438	0.0045491	0.0030152	0.00053328	0.0013152	0.000505	0.00065555	0.00031117
0.0052587	0.0039614	0	0.00057132	0.0031277	0.0012497	0.00031316	0.0028317	0.003985	0.0011702	0.003127	0.00010846	0.0013454	0.0017417	0.0014941	0.00083567	0.0031295	0.0017446	0.0019709	0.0028358	0.0011875	0.0017954	0	0.0033431	0.0027936	0.0023797	0.0014798	0.0029588	0.0017033	0.0024949	0.0012899	0.0021612	0.0034458	0.0029958	0.0030771	0.0037967	0.0034779	0	0	0.0015861	5.7007e-05	0.0015654	0.0021254	0	0	0	0.00010254	0	0.0023791	0	0.0014148	0.0029372	0.0020973	0.0033994	0.0021125	0.0027915	0.0027184	0.0011003	0.0017536	0.0010105	0.0022715	0.0022698	0.001559	0.0024263	0.0020753	0.005271	0.003855	0.0050563	0	0.0032966	0.006101	0.0041716	0.0037002	0.0012606	0.0032549	0.0035751	0	0.0032888	0.004318	0.0031509	0.0048474	0.005671	0.0037088	0.0012975	0.00041703	0.002261	0.0016558	0.003636	0.001237	0.0022312	0.00088557	0.0015601	0.0045356	0.0025926	0.0041901	0.0040332	0.0010876	0.0046849	0.0013259	0.004643	0.0014408	0.0058843	0.0019266	0.0030709	0.0055708	0.0034315	0.002791	0.0018718	0.0024254	0.0073322	0.0060273	0.0040129	0.0041037	0.0041282	0.00224	0.0061316	0.0033645	0.0044751	0.0044259	0.0043225	0.0026624	0.0036425	0.0036093	0.0046393	0.0039656	0.0041382	0.0047185	0.0056136	0.0036958	0.0030059	0.0039524	0.0049293	0.0041128	0.0046569	0.0057633	0.0041745	0.0042864	0.0050925	0.0051903	0.0033332	0.002192	0.0022748	0	0	0	0.0027194	0.00058966	0.00029716	0	0.00013272	0.0034154	0.004781	0.0033433	0.0018815	0.0023344	0.0014993	0.0013232	0	0	0.00067927
0	0	0.00057132	0	0.0070872	0.010675	0.011249	0.01102	0.0090336	0.012278	0.0059193	0.012258	0.0098476	0.014591	0.0091633	0.011955	0.0057529	0.010235	0.014499	0.010795	0.0091445	0.012939	0.011936	0.0038846	0.013781	0.010517	0.0094249	0.0082958	0.011443	0.012826	0.012711	0.010453	0.0078213	0.0094958	0.0074932	0.0063657	0.0082441	0.0061452	0.0044676	0.007068	0.0081934	0.0079593	0.004477	0.0050684	0.0039799	0.0063618	0.0044162	0.0048123	0.0065517	0.005459	0.0037932	0.0094926	0.010632	0.010053	0.011914	0.010266	0.0095322	0.011571	0.0098878	0.0094197	0.011288	0.010625	0.0062208	0.0093211	0.005523	0.0031117	0.0054293	0.0016068	0.0054008	0.00095916	0.002768	0	0.00097219	0.003852	0.0019384	0.0048627	0.0029491	0.0027256	0.0055689	0.0019868	0.0045863	0	0.0032099	0.0025424	0.0016993	0.00050857	0.0024047	0.0011999	0.0024087	0.001827	0.00031948	0.0028193	0.0014284	0.00088265	0.0028087	0.0013515	0.00016851	0	0.00092033	0.0040309	0.0005992	0.0031838	0.0070808	0.0044931	0	0.0015827	0	0.0054132	0.0043758	0.00039034	0.00059668	0	0.0064171	0.002526	0.0032174	0.00048347	0.0024484	0.0010078	0.0037127	0.0084236	0.0011083	0.0069346	0.0061526	0.0043162	0.007867	0.0029672	0.0052524	0.0095514	0.0078261	0.0043954	0.0047425	0.0082316	0.0083881	0.002981	0.0034293	0.0077839	0.010327	0.0054159	0.0050697	0.0083002	0.0037301	0.0046942	0	0.0030054	0.0024905	0.0029517	0.0014183	0	0.003278	0	0.0027664	0.0064393	0.0023847	0.0067124	0.0023121	0.0035498	0.0038461	0	0.002096	0.0031245
0.0012627	0.0027754	0.0031277	0.0070872	0	0.013056	0.014974	0.015142	0.013168	0.015298	0.012469	0.015122	0.011729	0.014694	0.010488	0.013997	0.014013	0.0099344	0.016249	0.017376	0.010861	0.015286	0.011847	0.010567	0.014184	0.014138	0.014624	0.010071	0.013225	0.017507	0.017274	0.01494	0.012202	0.01377	0.011541	0.010225	0.01255	0.011803	0.0099692	0.0095378	0.011519	0.011893	0.010325	0.0085021	0.010248	0.0085434	0.012113	0.007423	0.012521	0.0060223	0.0079115	0.010592	0.014063	0.014718	0.015657	0.014942	0.011799	0.013021	0.012576	0.013453	0.015584	0.014113	0.01272	0.011257	0.0040665	0.004273	0.0057952	0.0039509	0.0074146	0.0017354	0.0027524	0.00022013	0.00048059	0.0025589	0.00010369	0.0046858	0	0.0027617	0.0063945	0.00080903	0.0055529	0	0	0.0039868	0.0023942	0.00099614	0.00090568	0.0011166	0.0042657	0	0.0014237	0.0018776	0.0016935	0.00020627	0.0031661	0.0011929	0	0	0	0.00089479	0	0.0046689	0.011354	0.0081515	0.0010334	0.00080831	0	0.0072255	0.0076032	0.0011903	0	0.00044029	0.0078785	0.005175	0.0068044	0.0015106	0.0031074	0.0019437	0.0032581	0.012672	0.0055893	0.013601	0.013313	0.0077743	0.014876	0.0076711	0.012066	0.014594	0.014052	0.0076511	0.0077183	0.015713	0.0165	0.009875	0.0065784	0.014693	0.015226	0.010618	0.013646	0.013204	0.0086876	0.0073779	0	0.0023316	0.003527	0.0020956	0.00086519	0.0010378	0.0052102	0	0.0032364	0.010238	0.0053153	0.0088548	0.0047521	0.0065303	0.0051772	0	0.0025936	0.0045105
0	0.00053348	0.0012497	0.010675	0.013056	0	0.014694	0.013142	0.010679	0.014699	0.013647	0.016062	0.013036	0.014871	0.01042	0.014737	0.014335	0.011267	0.015725	0.017275	0.012444	0.014752	0.013682	0.011431	0.013482	0.014155	0.012124	0.011154	0.014367	0.014274	0.014987	0.012724	0.0090856	0.011829	0.0086225	0.0076381	0.012002	0.012132	0.01007	0.0091728	0.012824	0.010707	0.010372	0.0083911	0.010752	0.0093267	0.011074	0.00632	0.011788	0.0069329	0.0079695	0.010859	0.014962	0.013645	0.013233	0.014858	0.011094	0.012213	0.012633	0.013429	0.014706	0.012996	0.012474	0.010874	0.0031269	0.0029014	0.0036851	0.0036407	0.0028011	0	0.00031252	0	0	0.0014561	0	0.0070591	0	0.0017739	0.0062198	0.0023115	0.0047148	0	0	0.0012753	0.00019874	0	0	0	0.00045935	0	0	0	0	0	0.00090011	0	0	0	0	0.0002203	0	0.00033867	0.006792	0.0041076	0	0	0	0.003793	0.0036047	1.3679e-05	0.0022142	0.00039715	0.010895	0.0014806	0.0054584	0	0.0063267	0.0037683	0.005827	0.012855	0.0067284	0.015389	0.015473	0.010365	0.015646	0.011111	0.014137	0.016121	0.014432	0.010662	0.01088	0.020211	0.019819	0.011646	0.0085016	0.017541	0.015694	0.012491	0.018307	0.012958	0.0106	0.0058085	0	0.0015973	0.0033959	0.0022459	0.0006938	0	0.0036892	0	0.0047941	0.0096622	0.0047835	0.0067454	0.0017934	0.0045337	0.0058676	0	0.0030803	0.0036108
0	0	0.00031316	0.011249	0.014974	0.014694	0	0.01652	0.011683	0.016101	0.014762	0.017146	0.012752	0.016393	0.012473	0.017404	0.01634	0.011307	0.018401	0.019426	0.013896	0.016338	0.01553	0.011913	0.015955	0.016405	0.015068	0.012338	0.013996	0.016651	0.017969	0.01604	0.012497	0.014705	0.011952	0.011062	0.01323	0.01352	0.013135	0.011035	0.011873	0.014254	0.011397	0.0094009	0.011761	0.0097207	0.012697	0.0083416	0.014039	0.0081189	0.0093062	0.01239	0.016007	0.016389	0.017626	0.017607	0.014093	0.015475	0.016472	0.015531	0.016185	0.016687	0.014618	0.013533	0.0060808	0.0040229	0.005635	0.0054904	0.0073967	0	0.0015325	0	0	0.0034738	0.00022385	0.0066293	0	0.002177	0.0064568	0.0015111	0.0064678	0	0	0.0031635	0.0015494	0.00057561	0	0	0.0033492	0	0.00029516	0.00037195	0.001794	0.0010184	0.0037353	0.00075641	0.0009056	0	0	0.00017993	0.00044482	0.0023284	0.011116	0.0071003	0	0	0	0.006413	0.0067175	0.00041026	0	0	0.0098663	0.0045448	0.0068233	0	0.0035405	0.0013938	0.0038235	0.01375	0.0070423	0.01503	0.013361	0.0088071	0.015516	0.0089407	0.013884	0.015637	0.015578	0.0095246	0.010034	0.018655	0.018841	0.010813	0.0076807	0.01779	0.016013	0.011704	0.015705	0.015227	0.010031	0.0082939	0	0.0026647	0.0046855	0.0043076	0.0019623	0.00014835	0.0051801	0	0.0043514	0.011738	0.0053726	0.0091241	0.0046161	0.0062313	0.007554	0	0.0042356	0.0058825
0.00045508	0.00072004	0.0028317	0.01102	0.015142	0.013142	0.01652	0	0.013673	0.017216	0.015568	0.01497	0.01391	0.015483	0.013343	0.015717	0.016315	0.010461	0.017369	0.020883	0.01453	0.017274	0.014922	0.012164	0.015734	0.016256	0.014778	0.011954	0.014068	0.016937	0.019113	0.015962	0.016286	0.017253	0.016116	0.014536	0.016051	0.015095	0.01409	0.011222	0.01268	0.01575	0.012333	0.011476	0.01347	0.011364	0.01365	0.0094514	0.014778	0.0078318	0.0085443	0.013124	0.018961	0.018824	0.018543	0.020071	0.015432	0.017006	0.017204	0.016746	0.018287	0.01882	0.014867	0.013218	0.0059676	0.0038637	0.0046358	0.0067171	0.0054786	0.00050013	0.0021197	0.001233	0.000149	0.0020715	0	0.0072204	0	0.0012762	0.0086993	0.0012851	0.0063141	0	0.00019228	0.0031346	0.0020629	0.00010542	0	0.00094801	0.0034301	0	0.00015343	0	0.001886	0	0.0033539	0.00077594	0	0	0	0.0003744	8.0155e-05	0.0018337	0.01029	0.009145	0.0006598	0	0	0.0064944	0.0072771	0.0015993	0.0005411	0.00070121	0.01016	0.0033929	0.007312	0	0.0024371	0.00014212	0.0046998	0.014405	0.0076581	0.014245	0.013422	0.0089099	0.016503	0.0092974	0.014821	0.01633	0.015649	0.0093507	0.010019	0.018981	0.018843	0.011596	0.0080478	0.019437	0.016131	0.012348	0.015748	0.016499	0.010671	0.0091776	0	0.0053055	0.0075075	0.0039434	0.0024836	0.0015392	0.0065264	0	0.006813	0.013964	0.0064392	0.01016	0.0044646	0.0058013	0.0056593	0	0.0047285	0.0037835
0.00093599	0.0023023	0.003985	0.0090336	0.013168	0.010679	0.011683	0.013673	0	0.013356	0.011885	0.013191	0.01103	0.012543	0.010551	0.012016	0.012596	0.0092961	0.014335	0.016961	0.012056	0.013965	0.012138	0.0096544	0.013926	0.012826	0.012961	0.0091337	0.011262	0.016439	0.016141	0.014218	0.014077	0.014105	0.013944	0.012839	0.013546	0.01127	0.0094137	0.0089102	0.0099008	0.011892	0.0097825	0.0094739	0.0089613	0.0080589	0.010022	0.0063901	0.011458	0.0051757	0.0057868	0.010853	0.014219	0.015701	0.014149	0.017108	0.012599	0.012368	0.012591	0.011786	0.015385	0.016357	0.010936	0.010706	0.0054616	0.0034781	0.0053934	0.0061378	0.0051869	0.00055043	0.00202	0.0019266	0.0016344	0.0011311	0.00026457	0.0053794	0	0.0017864	0.0062461	0.0024972	0.004682	0.00034401	0.0011481	0.0032737	0.0019945	0.00048244	0	0.00057686	0.0033207	0	0.00027704	0.0011016	0.00092071	0	0.002357	0.000225	0	9.6192e-05	0	0.0016754	0	0.0032042	0.0087031	0.0086581	0.0019065	1.1694e-05	0	0.004887	0.0058582	0.0023083	0.0018946	0.0016725	0.0092533	0.0035471	0.0076558	0.0010077	0.0048604	0.00082734	0.0035829	0.013288	0.0063773	0.011927	0.012195	0.0078789	0.013715	0.0077863	0.012327	0.014728	0.013645	0.0089804	0.0084275	0.016189	0.01767	0.010628	0.0069756	0.016928	0.01336	0.01122	0.014198	0.014773	0.0089747	0.0068829	0	0.0042239	0.0059855	0.0027191	0.0011805	0.00043476	0.0056983	0	0.0045249	0.012205	0.0064029	0.0082184	0.0026329	0.005182	0.0059522	0	0.0041792	0.0020698
0	0.0018617	0.0011702	0.012278	0.015298	0.014699	0.016101	0.017216	0.013356	0	0.015324	0.016834	0.013755	0.015614	0.012966	0.0161	0.016107	0.012287	0.017896	0.019267	0.014649	0.016933	0.015436	0.012456	0.017186	0.015039	0.01525	0.012293	0.014481	0.017103	0.019496	0.016458	0.01411	0.016497	0.014684	0.013399	0.015328	0.01594	0.013186	0.01178	0.013919	0.015191	0.011363	0.01265	0.014111	0.01126	0.012067	0.0069643	0.014619	0.0081776	0.0089319	0.013822	0.017315	0.017373	0.017147	0.020056	0.015327	0.0154	0.015795	0.015507	0.017325	0.017587	0.013901	0.01315	0.0058422	0.0024722	0.0050134	0.0067448	0.0048144	0	0	0.00012327	0	0.0022046	0	0.0062779	0	0.0014996	0.0078757	0.0010032	0.0051912	0	0	0.0020059	0.0006083	0	0	0	0.0014619	0	0	0	0	0	0.0017078	0	0	0	0	0.00092842	0	0.0012767	0.0087167	0.006296	0	0	0	0.0042445	0.0052633	0.001235	0.0017297	0.001197	0.011378	0.0023252	0.0067211	0	0.0071397	0.00292	0.005554	0.014717	0.008474	0.016197	0.015861	0.010385	0.016884	0.010339	0.014591	0.016614	0.016627	0.010933	0.011468	0.020767	0.021514	0.012887	0.0084568	0.0203	0.016773	0.011723	0.017908	0.015622	0.011789	0.0089763	0	0.0044686	0.0071636	0.0033042	0.0011753	0	0.0055119	0	0.0065249	0.01238	0.0058303	0.0098353	0.0025505	0.0049803	0.0065355	0	0.0057235	0.0036275
0.00095967	0.0015075	0.003127	0.0059193	0.012469	0.013647	0.014762	0.015568	0.011885	0.015324	0	0.013418	0.011701	0.016585	0.011434	0.013633	0.01106	0.010337	0.016014	0.012819	0.01082	0.015458	0.015523	0.0091204	0.015015	0.016509	0.012875	0.011318	0.013232	0.017836	0.017268	0.01383	0.014147	0.015072	0.013593	0.0129	0.01287	0.0092001	0.01083	0.0076298	0.0080529	0.013029	0.01015	0.0055764	0.0078737	0.0089708	0.0093636	0.0078867	0.012108	0.0062895	0.006011	0.012752	0.012016	0.015587	0.015431	0.015507	0.012135	0.013965	0.01569	0.014084	0.016306	0.017045	0.01119	0.013702	0.0064421	0.004997	0.006303	0.0037708	0.0074872	0.0010587	0.0043039	0.00094399	0	0.0039109	0.0019375	0.0058818	0	0.0022677	0.0066095	0.0020737	0.0060866	0	8.7842e-05	0.0036678	0.0025782	0.00018144	0.0010776	0.0010433	0.0046416	0.00024181	0.0015925	0.0022692	0.0024877	0.00065248	0.0049925	0.0011756	0.00023648	0	0	0.0013289	0.0012174	0.0034312	0.01101	0.006932	0.00065696	0.00048309	0	0.0073993	0.0078391	0.0003558	0	0	0.005665	0.0058586	0.0055918	0.00066286	0.00076467	0.00099386	0.0010842	0.01193	0.0030682	0.009614	0.0082843	0.0048792	0.011903	0.0040981	0.0079429	0.011728	0.010329	0.0044509	0.0046894	0.011429	0.012429	0.0056003	0.0050371	0.013779	0.013818	0.0075562	0.0077401	0.0119	0.0058285	0.0057226	0	0.00052567	0.0018654	0.0029811	0.0015939	0	0.0052642	0	0.0044506	0.0092828	0.0035627	0.0094818	0.0048462	0.0057821	0.005636	0	0.0022757	0.0032153
0.00022454	0	0.00010846	0.012258	0.015122	0.016062	0.017146	0.01497	0.013191	0.016834	0.013418	0	0.014831	0.016204	0.0091687	0.017165	0.0172	0.0095727	0.016974	0.017775	0.014347	0.018091	0.019204	0.011303	0.015029	0.01543	0.016442	0.012595	0.016873	0.016597	0.017999	0.017537	0.012413	0.014236	0.011437	0.010921	0.013917	0.014452	0.012669	0.012346	0.012168	0.015161	0.011221	0.0097634	0.012336	0.011138	0.011064	0.0092997	0.013911	0.0092511	0.0084327	0.01227	0.015844	0.01781	0.01626	0.018188	0.013245	0.015885	0.016315	0.014477	0.015936	0.017962	0.013558	0.012098	0.0058406	0.0023546	0.0054128	0.0041899	0.0071923	0.00058784	0.0016856	0	0	0.0027313	0	0.0056996	0	0.00069478	0.0047637	0.0012817	0.0035539	0	0	0.0032394	0.0016218	0	0	0	0.0037814	0	0.00030583	0	0.00013849	0	0.0022366	0	0	0	0	0.00074223	0.0019143	0.0020946	0.0090725	0.007808	0	0	0	0.0062483	0.0064687	0	0.00063763	0	0.0094135	0.0045991	0.0073858	0	0.0058787	0.0032466	0.0052552	0.01281	0.0055819	0.013704	0.014004	0.0094292	0.01515	0.0094838	0.013374	0.014924	0.014631	0.0082841	0.0089851	0.018546	0.017529	0.0099841	0.0065533	0.016895	0.015541	0.0094931	0.015636	0.014221	0.0088891	0.0069005	0	0.002686	0.0040132	0.0042977	0.0013057	0	0.0059906	0	0.0053804	0.010577	0.0056171	0.010228	0.0036716	0.0065773	0.0061978	0.00066185	0.0040053	0.0029417
0.00096432	0.00033252	0.0013454	0.0098476	0.011729	0.013036	0.012752	0.01391	0.01103	0.013755	0.011701	0.014831	0	0.015273	0.0095032	0.014163	0.011511	0.010052	0.015722	0.014382	0.013136	0.01483	0.015438	0.0083488	0.014647	0.01402	0.012758	0.010242	0.012294	0.014954	0.015631	0.013033	0.011293	0.012798	0.011689	0.010353	0.011551	0.01033	0.010772	0.0095275	0.0097354	0.012178	0.0087515	0.009645	0.0099872	0.0091984	0.010179	0.0057942	0.011998	0.0069159	0.0058563	0.01059	0.013641	0.0146	0.01469	0.015625	0.011559	0.01336	0.014464	0.011677	0.014	0.014721	0.010766	0.011439	0.0064415	0.0041267	0.0046104	0.0067567	0.0057537	0.00062341	0.0022906	0.0012283	0.00057093	0.0044081	0.0034298	0.0059019	0.0020734	0.002726	0.0068319	0.0013081	0.0052499	0	0.0014084	0.0018091	0.00016948	0	0.0022801	0.0012511	0.0026966	0.0004673	0.00041203	0.0014493	0.00099553	0	0.0035829	0.0014298	0	0	0	0.0027097	0	0.0028546	0.0085075	0.0071186	0.00083848	0	0	0.0054619	0.0044214	0.0021626	0.0020679	0.0010764	0.0081839	0.0023711	0.005348	0.00061859	0.0048035	0.0024375	0.0035132	0.010818	0.0060778	0.010399	0.0095127	0.0078019	0.011839	0.0082055	0.011497	0.01205	0.011137	0.0077656	0.0079174	0.014118	0.015352	0.010774	0.0053553	0.014396	0.013118	0.0094895	0.011008	0.012863	0.0090374	0.005823	0	0.0042772	0.0052849	0.002745	0.0011999	0	0.0041029	0	0.0055131	0.010192	0.0041554	0.0088652	0.0043219	0.0046297	0.0054783	0	0.0034064	0.0028411
0	0.00034875	0.0017417	0.014591	0.014694	0.014871	0.016393	0.015483	0.012543	0.015614	0.016585	0.016204	0.015273	0	0.012284	0.016795	0.017466	0.012522	0.016228	0.019338	0.015433	0.017971	0.014139	0.013624	0.014103	0.01506	0.01514	0.013954	0.016493	0.016528	0.017546	0.014525	0.011683	0.014709	0.011394	0.011159	0.01279	0.014928	0.013797	0.011661	0.013886	0.013398	0.011726	0.012327	0.0149	0.011523	0.012935	0.0086095	0.015748	0.010629	0.010146	0.013152	0.017523	0.016319	0.017101	0.018062	0.014138	0.015096	0.017689	0.016779	0.016317	0.015962	0.015608	0.012704	0.0054414	0.0016244	0.0036857	0.0066852	0.0032497	0	0.0002917	0	0	0.0021261	0	0.0066882	0	0.00098851	0.0073872	0.0010806	0.0053559	0	0	0.00057845	0	0	0	0	0.0008613	0	0	0	0	0	0.0016304	0.00040097	0	0	0	0	0	0.00054665	0.0075331	0.0056555	0	0	0	0.0034764	0.0037396	0	0.0023512	0.0012511	0.012624	0.0013882	0.007317	0	0.0072363	0.0037084	0.0060332	0.014925	0.0076344	0.017967	0.016895	0.011702	0.017779	0.012219	0.015954	0.017581	0.018568	0.010199	0.01276	0.021863	0.021149	0.012671	0.0080846	0.020451	0.017237	0.013076	0.017761	0.01626	0.013388	0.0072016	0	0.0058697	0.008635	0.0060769	0.0020233	0.0004129	0.0055288	0	0.0060847	0.011732	0.0055944	0.0092962	0.0037987	0.0047462	0.006572	0.0019266	0.0053333	0.003305
0	0.00030776	0.0014941	0.0091633	0.010488	0.01042	0.012473	0.013343	0.010551	0.012966	0.011434	0.0091687	0.0095032	0.012284	0	0.010798	0.011149	0.0084214	0.013338	0.010303	0.0091026	0.012379	0.010982	0.010949	0.012372	0.013116	0.0081438	0.0068486	0.011672	0.012987	0.012265	0.0098646	0.0097431	0.010051	0.0094255	0.0086844	0.0093996	0.010944	0.010396	0.0073517	0.0091485	0.010579	0.0092306	0.0077188	0.011339	0.0078599	0.01057	0.0078868	0.01225	0.0074972	0.0081523	0.0098935	0.012675	0.012997	0.01278	0.012448	0.011116	0.010104	0.012349	0.011016	0.011463	0.012803	0.010716	0.010772	0.0051091	0.00090164	0.003005	0.0047154	0.0033677	0	8.2092e-05	0	0	0.00074383	0	0.0042449	0	0	0.0040975	0	0.0038384	0	0	0.00092773	0	0	0	0	0.0012755	0	0	0	0	0	0.001009	0	0	0	0	0.00050554	0	0.0004222	0.0068729	0.0039271	0	0	0	0.003473	0.004607	0.00029774	0	0.00053059	0.0085215	0.0025354	0.0043549	0	0.0027831	0.0013896	0.0031795	0.010195	0.0055978	0.010471	0.0085417	0.0069283	0.0106	0.0076075	0.009917	0.010553	0.0106	0.0085464	0.0078521	0.013033	0.012957	0.0090227	0.0059943	0.012399	0.011045	0.010187	0.010299	0.010582	0.0082755	0.00676	0	0.0057301	0.0064153	0.0042354	0.0028893	0.00074854	0.0051163	0	0.0044687	0.0082168	0.0035745	0.0064631	0.0017106	0.0033533	0.0041583	0.0011658	0.0024122	0.0017466
0	0	0.00083567	0.011955	0.013997	0.014737	0.017404	0.015717	0.012016	0.0161	0.013633	0.017165	0.014163	0.016795	0.010798	0	0.015714	0.01111	0.0161	0.016708	0.013435	0.017617	0.017011	0.010977	0.014114	0.016187	0.014626	0.01279	0.015977	0.017044	0.017447	0.01401	0.012704	0.013245	0.01156	0.010817	0.014381	0.013695	0.011559	0.011665	0.012625	0.015143	0.010968	0.010475	0.011373	0.010206	0.01138	0.0083868	0.013981	0.0080064	0.0077699	0.01176	0.014375	0.017083	0.015142	0.016453	0.012545	0.015463	0.016906	0.013922	0.016226	0.016516	0.013807	0.011813	0.0067209	0.0039698	0.0049433	0.0054241	0.0070076	0.00019786	0.0021265	0	0	0.0033456	0	0.005958	0.00014295	0.0017462	0.0061935	0.0017548	0.0051372	0	0	0.0037772	0.000847	7.6343e-05	0.00070258	0	0.0031501	0	0.00030369	0.00030257	0.001298	0	0.0032621	0.0010519	0	0	0	0.00049604	0.00070609	0.0015168	0.0086938	0.0083769	0	0	0	0.0060568	0.0068986	0	0.00034754	0.00047379	0.0089609	0.004943	0.0066314	0	0.0046779	0.0019115	0.004505	0.01353	0.0057098	0.012629	0.011793	0.0076273	0.014721	0.007948	0.01409	0.015315	0.014604	0.0099488	0.0086086	0.016972	0.016939	0.0088808	0.0079242	0.01552	0.014938	0.009903	0.013716	0.013829	0.008327	0.0068946	0	0.003787	0.0036808	0.0040682	0.0019655	0.00070394	0.0058616	0	0.0045406	0.010252	0.006318	0.0085749	0.0040066	0.0064542	0.004817	0.00030181	0.0043586	0.0036696
0.0010649	0.00027214	0.0031295	0.0057529	0.014013	0.014335	0.01634	0.016315	0.012596	0.016107	0.01106	0.0172	0.011511	0.017466	0.011149	0.015714	0	0.0098544	0.017961	0.016911	0.012553	0.01762	0.016649	0.0072139	0.015853	0.017093	0.016349	0.011262	0.013784	0.017986	0.018693	0.01747	0.014055	0.015548	0.013179	0.011804	0.012998	0.01057	0.0086257	0.009094	0.0093911	0.014613	0.011879	0.0066349	0.0073145	0.0084716	0.010162	0.0076693	0.012559	0.0053289	0.0062049	0.012474	0.012808	0.01599	0.015177	0.015761	0.012367	0.016105	0.016847	0.014786	0.016559	0.016952	0.010363	0.0142	0.0067258	0.0050698	0.0080623	0.003753	0.0087717	0.0020541	0.0037257	0.0022623	0.00042351	0.0047342	0.0022669	0.0071865	0	0.0031204	0.0065004	0.0025932	0.0058537	0	0	0.005059	0.0033882	0.0019641	0.0001674	0	0.0055382	0.00086718	0.0016635	0.0028646	0.0033389	0.00046469	0.0046391	0.0020849	0.00086218	0	0	0.0020491	0.0013753	0.0043269	0.012059	0.0086931	0.00066169	0	0	0.0073629	0.0078904	0.0011513	0	0	0.004471	0.0063307	0.0062032	0.00026104	0	0	0	0.011724	0.0019991	0.0096691	0.0080277	0.0027364	0.012836	0.0028233	0.0072848	0.011887	0.01072	0.0033483	0.0037018	0.012194	0.013422	0.0038541	0.0040705	0.013923	0.013738	0.0062027	0.0090013	0.013075	0.0054342	0.0046993	0	0.0014807	0.00078007	0.0018874	0.00093589	0	0.0053719	0	0.0043978	0.010726	0.0039196	0.0092962	0.0047348	0.0067955	0.0051613	0	0.0030649	0.0040437
0	0	0.0017446	0.010235	0.0099344	0.011267	0.011307	0.010461	0.0092961	0.012287	0.010337	0.0095727	0.010052	0.012522	0.0084214	0.01111	0.0098544	0	0.012452	0.0095017	0.0086163	0.011098	0.011014	0.0099033	0.011559	0.010924	0.009647	0.0082146	0.012488	0.011563	0.01117	0.010055	0.0089205	0.0088846	0.0083008	0.0078762	0.008511	0.0096566	0.0098962	0.0060383	0.0077985	0.010011	0.0084057	0.00687	0.010717	0.0078907	0.0090846	0.007577	0.010859	0.0081779	0.0082083	0.009449	0.010921	0.0118	0.012045	0.011966	0.010356	0.010096	0.011601	0.009665	0.010678	0.011675	0.0090509	0.01049	0.0035738	0.00059125	0.0027057	0.003024	0.0024846	0	0.0013335	0	0	0.0016507	0	0.0046653	0.0019021	0.00061327	0.0049512	0.00070087	0.0033944	0	0	0.00092046	0	0	0	0	0.0015986	0	0	0	0.00019753	0	0.0016392	0.0012133	3.2829e-05	0	0	0	0	0.00086379	0.0055204	0.0036827	0	0	0	0.0023562	0.0034089	6.2314e-05	0.0019518	0.0013899	0.0089403	0.0019518	0.0046018	0	0.0050888	0.0026646	0.0043841	0.0097422	0.0053832	0.011991	0.010595	0.0082063	0.011614	0.0089668	0.010475	0.011399	0.011985	0.0074418	0.0094776	0.01286	0.013223	0.0087917	0.0061857	0.013482	0.011258	0.0091841	0.011242	0.010842	0.0078378	0.0056196	0	0.0059318	0.0068928	0.0046114	0.0024808	0.0011238	0.0049281	0	0.0048009	0.0078861	0.003836	0.0071557	0.0026818	0.0034884	0.0043644	0.0014514	0.0024239	0.0023483
0	0.00044855	0.0019709	0.014499	0.016249	0.015725	0.018401	0.017369	0.014335	0.017896	0.016014	0.016974	0.015722	0.016228	0.013338	0.0161	0.017961	0.012452	0	0.02016	0.015506	0.018124	0.017267	0.011947	0.014106	0.016711	0.013532	0.012498	0.017519	0.016968	0.019092	0.013476	0.012006	0.01398	0.012127	0.010689	0.014932	0.016822	0.013496	0.012451	0.015264	0.015572	0.011712	0.013575	0.014697	0.012179	0.014026	0.0083586	0.015974	0.0097267	0.010416	0.013631	0.017504	0.017485	0.017991	0.020043	0.015393	0.015477	0.017327	0.016687	0.015683	0.016368	0.015606	0.011725	0.0062409	0.0034923	0.0046144	0.0062606	0.0043538	0	0.0015425	1.6997e-06	0	0.0025959	0	0.0063854	0	0.0017299	0.0070102	0.0015094	0.0060275	0	0	0.0027621	0.00028297	0	0	0	0.0024671	0	0	0	0	0	0.00175	6.1832e-05	0	0	0	0.00056914	0.00060155	0.0007186	0.0079945	0.0070076	0	0	0	0.0054595	0.0066098	0.00091655	0.0015216	0.00092062	0.0126	0.0037042	0.0079676	0	0.004849	0.0017895	0.0056424	0.016102	0.0065083	0.015856	0.015735	0.0092306	0.016591	0.010048	0.015988	0.017941	0.016188	0.010763	0.011168	0.021853	0.021002	0.011674	0.008655	0.019045	0.01661	0.01255	0.018171	0.015603	0.011912	0.0089802	0	0.0051011	0.0079736	0.0057715	0.003246	0.0018812	0.0066649	0	0.0059888	0.012515	0.0071326	0.0096955	0.0030522	0.006839	0.0068564	0.00082409	0.0047354	0.0042464
0.00049786	0.00068554	0.0028358	0.010795	0.017376	0.017275	0.019426	0.020883	0.016961	0.019267	0.012819	0.017775	0.014382	0.019338	0.010303	0.016708	0.016911	0.0095017	0.02016	0	0.013026	0.019715	0.017592	0.010921	0.018164	0.018087	0.018037	0.0119	0.017344	0.021386	0.021918	0.019656	0.014698	0.016418	0.014847	0.013453	0.017131	0.013024	0.011643	0.010605	0.012058	0.016341	0.011261	0.0077944	0.010353	0.010483	0.011829	0.0088001	0.015067	0.0076352	0.0083179	0.01539	0.015899	0.019547	0.017587	0.019845	0.014927	0.016852	0.017558	0.015889	0.01822	0.018555	0.01332	0.013872	0.0067432	0.0045948	0.008119	0.0058926	0.0092633	0.0020148	0.0029497	0	0	0.0041698	0	0.0068455	0	0.0019709	0.0060545	0.0012388	0.0060604	0	0	0.0042737	0.0019223	0.00061486	0	0.00012563	0.0060045	0	0.0022303	0.0015237	0.0022216	0	0.0048524	0.0013795	0	0	0	0.0022361	0.0013191	0.0042652	0.01301	0.011209	0	0	0	0.0086658	0.0093173	0.0010465	0	0	0.0093293	0.0061338	0.0087424	0	0.003743	0.0024457	0.0028999	0.016164	0.0058811	0.015307	0.015464	0.0084308	0.017679	0.0092478	0.014676	0.01762	0.017022	0.0094251	0.0088914	0.020104	0.020306	0.010787	0.0074397	0.019875	0.019083	0.011477	0.016912	0.017757	0.0083228	0.0071865	0	0.0013953	0.0020851	0.0029896	0.0010439	0	0.0052512	0	0.0063924	0.013136	0.0066624	0.011915	0.005523	0.0081763	0.0042866	0	0.0021561	0.0026898
0	0.00079062	0.0011875	0.0091445	0.010861	0.012444	0.013896	0.01453	0.012056	0.014649	0.01082	0.014347	0.013136	0.015433	0.0091026	0.013435	0.012553	0.0086163	0.015506	0.013026	0	0.015721	0.014525	0.0085596	0.013437	0.014732	0.012797	0.010803	0.016416	0.016058	0.015227	0.012616	0.011501	0.012273	0.010996	0.009761	0.010642	0.0077633	0.0097034	0.0087429	0.0096751	0.011157	0.0093685	0.0060498	0.0076524	0.0088658	0.008595	0.0076732	0.010366	0.0070186	0.0066139	0.010443	0.01164	0.014522	0.013527	0.0134	0.012057	0.012297	0.014347	0.010951	0.014272	0.014682	0.010592	0.010739	0.0055165	0.0029573	0.0032264	0.0032688	0.0058292	0.0005808	0.0013992	0	0	0.0019954	0.00087408	0.0040006	0.00047854	0.0013147	0.0045827	0.00063801	0.0040577	0	0	0.0030165	0.00035026	0	0.00026511	0	0.0018525	0	0	0.00050087	0.00083362	0	0.0024063	0.00072225	0	0	0	0.0006991	0	0.0022839	0.0075071	0.0058165	0.00035986	0	0	0.0053603	0.005315	0	0.00081675	0.00011404	0.0084896	0.00422	0.0036868	0	0.0035938	0.0018918	0.0032564	0.010671	0.0041145	0.010025	0.0096738	0.0071452	0.01263	0.0071462	0.0092391	0.012159	0.011398	0.0081052	0.0078436	0.013334	0.012848	0.0074199	0.004695	0.011805	0.012182	0.0091832	0.010189	0.010258	0.0075203	0.0061098	0	0.0036513	0.0038333	0.0035412	0.0025934	0.00031819	0.0054413	0	0.0030322	0.0076331	0.0039237	0.0072159	0.0024236	0.0041182	0.0051179	0	0.0031501	0.0034957
0	0.00091612	0.0017954	0.012939	0.015286	0.014752	0.016338	0.017274	0.013965	0.016933	0.015458	0.018091	0.01483	0.017971	0.012379	0.017617	0.01762	0.011098	0.018124	0.019715	0.015721	0	0.017805	0.011378	0.017162	0.017409	0.015448	0.012928	0.015174	0.016708	0.019436	0.015963	0.014508	0.016399	0.014045	0.012917	0.015024	0.014641	0.014144	0.013062	0.014777	0.016549	0.01163	0.012404	0.01312	0.011863	0.011727	0.0088719	0.014456	0.0084	0.0093671	0.012844	0.018144	0.01836	0.018753	0.019462	0.015057	0.017494	0.018288	0.017284	0.017256	0.017464	0.015279	0.013705	0.0065096	0.0030175	0.0047011	0.008375	0.0049962	0.00069876	0.0011735	0.0008468	0.00033519	0.0020657	0	0.0053416	0	0.00095175	0.0070509	0.00054144	0.0050492	0	0	0.0018937	0.00052612	0	0.00065909	0	0.0023624	0	0	0	0.00047193	0	0.0026085	0.00015874	0	0	0	0.00096846	4.7465e-06	0.0020037	0.010266	0.0078778	1.1342e-05	0	0	0.0050172	0.0059727	0.00089476	0.00013421	0.00066271	0.010885	0.0027331	0.0058863	0	0.0046476	0.0012428	0.0050986	0.015041	0.007697	0.014758	0.013856	0.0094258	0.015834	0.0089614	0.014475	0.015948	0.015595	0.009231	0.01009	0.019343	0.019334	0.011036	0.0079028	0.019062	0.016511	0.011512	0.015383	0.015609	0.011145	0.0089106	0	0.00404	0.0066712	0.0033526	0.0020343	0	0.0058691	0	0.0063653	0.012528	0.0068101	0.010163	0.0036714	0.0055731	0.0055072	0	0.0042592	0.0028445
0	1.3018e-06	0	0.011936	0.011847	0.013682	0.01553	0.014922	0.012138	0.015436	0.015523	0.019204	0.015438	0.014139	0.010982	0.017011	0.016649	0.011014	0.017267	0.017592	0.014525	0.017805	0	0.011956	0.01517	0.014909	0.015009	0.013205	0.01506	0.015335	0.017261	0.014618	0.011497	0.014151	0.011798	0.010705	0.013906	0.012821	0.012091	0.012772	0.013174	0.014502	0.011141	0.011163	0.011041	0.0099344	0.0098467	0.0079437	0.013388	0.007903	0.0071114	0.011959	0.016542	0.015615	0.016342	0.016989	0.012728	0.014708	0.016747	0.01472	0.016095	0.015749	0.01508	0.012196	0.0054883	0.0023396	0.0041918	0.0055019	0.0064354	0	0.00067123	0	0	0.0033864	0.00013247	0.0055143	0.00032561	0.0010526	0.0059852	0.00026743	0.0043458	0	0	0.0023808	0	0	0.00051171	0	0.0011428	0	0	9.889e-05	0.001065	0	0.0025465	0.0013981	0	0	0	0	0	0.0021585	0.0082332	0.0057519	0	0	0	0.004533	0.0043353	0	0.00070396	0.00035645	0.0096964	0.0032438	0.0060984	0	0.0062187	0.0032555	0.0053247	0.01252	0.0073374	0.013717	0.012475	0.0093819	0.016117	0.0091418	0.013197	0.015342	0.015144	0.010251	0.010385	0.017556	0.01738	0.010913	0.0071756	0.015043	0.015326	0.0097905	0.013953	0.013305	0.010887	0.0072192	0	0.0045986	0.0051294	0.0041503	0.0025778	0.00067805	0.0052632	0	0.0044129	0.010964	0.0043911	0.0084951	0.0039324	0.0052763	0.0075111	0.0010436	0.0062159	0.0041335
0.0020813	0.00096876	0.0033431	0.0038846	0.010567	0.011431	0.011913	0.012164	0.0096544	0.012456	0.0091204	0.011303	0.0083488	0.013624	0.010949	0.010977	0.0072139	0.0099033	0.011947	0.010921	0.0085596	0.011378	0.011956	0	0.011549	0.013436	0.010287	0.010503	0.0095834	0.014679	0.01378	0.011795	0.011776	0.011532	0.011042	0.01005	0.0098447	0.0075003	0.0080147	0.0054845	0.0060145	0.010529	0.0084146	0.0044688	0.0061029	0.0056589	0.0064366	0.0068456	0.0087106	0.0039473	0.004749	0.01063	0.0093949	0.012286	0.012201	0.011064	0.0089992	0.011077	0.011498	0.010381	0.011621	0.012204	0.0069526	0.011467	0.0067841	0.003934	0.0062904	0.0039239	0.0088546	0.0041497	0.0040022	0.001213	0.0016309	0.0030406	0.0027424	0.0041132	0.0011625	0.0023353	0.0061654	0.0022996	0.0051553	0.0022274	0.0023111	0.004083	0.0028247	0.0026531	0.0024655	0.0017892	0.0052832	0.00011878	0.0019055	0.0033236	0.0015013	0.00078966	0.003058	0.0016361	0.00013435	0	0	0.0024022	0.001307	0.0053144	0.0091057	0.0069924	0.0038175	0.00062347	0	0.0079645	0.008382	0.0018868	0	0	0.0025339	0.0066668	0.0045019	0.0015437	0.00046344	0.00013949	0	0.0087927	0	0.0057693	0.0044707	0.0010628	0.0089379	0.0009013	0.0040825	0.0084177	0.0071584	0.0017809	0.0027444	0.0063286	0.0073268	0.0011705	0.0013953	0.0095615	0.010008	0.0039756	0.0028752	0.0092526	0.0018797	0.005024	0	0.0011432	0.00074453	0.0028416	0.00043634	0.00065614	0.0040234	0	0.0037049	0.0079032	0.0030674	0.0097728	0.0047326	0.0046453	0.0050907	0	0.0024809	0.0035837
0	0.0014301	0.0027936	0.013781	0.014184	0.013482	0.015955	0.015734	0.013926	0.017186	0.015015	0.015029	0.014647	0.014103	0.012372	0.014114	0.015853	0.011559	0.014106	0.018164	0.013437	0.017162	0.01517	0.011549	0	0.01561	0.012792	0.012222	0.015393	0.016193	0.016965	0.012881	0.011796	0.014024	0.011911	0.011102	0.013866	0.014919	0.011928	0.011819	0.013152	0.014682	0.011426	0.011173	0.012858	0.011118	0.013556	0.0079722	0.014661	0.010005	0.010273	0.012501	0.016562	0.015732	0.016839	0.017577	0.01404	0.013557	0.015552	0.015242	0.015405	0.015462	0.013444	0.011633	0.0067469	0.0033602	0.0047959	0.0066583	0.0035147	0	0.00091529	0.00038603	0	0.001925	0.00069204	0.0062301	0.00011421	0.0019989	0.0070963	0.0021919	0.0056917	0	0	0.0013634	0.00036977	0	0	0	0.0014645	0	0	0	0.00051431	0	0.0024279	0	0	0	0	0.00057626	1.619e-06	0.0016157	0.0085587	0.0064486	0.00023218	0	0	0.0050155	0.0052331	0.0017967	0.0024465	0.0025967	0.012323	0.0020765	0.0064153	0	0.0050919	0.0031994	0.0050986	0.014403	0.0068972	0.016447	0.015836	0.0098481	0.01603	0.010477	0.015013	0.017198	0.016936	0.010544	0.010685	0.019725	0.01922	0.010615	0.0081485	0.018515	0.016256	0.012825	0.016091	0.015008	0.011308	0.0095869	0	0.0063264	0.0088696	0.0065103	0.0032164	0.0013145	0.0059545	0	0.0065954	0.011495	0.006422	0.0091485	0.0035767	0.0054713	0.0064045	0.0021573	0.0054996	0.0036201
0	0.00056945	0.0023797	0.010517	0.014138	0.014155	0.016405	0.016256	0.012826	0.015039	0.016509	0.01543	0.01402	0.01506	0.013116	0.016187	0.017093	0.010924	0.016711	0.018087	0.014732	0.017409	0.014909	0.013436	0.01561	0	0.013654	0.012024	0.014877	0.016775	0.017776	0.014375	0.014386	0.015463	0.013059	0.012743	0.014621	0.012221	0.014167	0.012736	0.013728	0.014279	0.010974	0.011676	0.01314	0.012608	0.012197	0.0084867	0.014005	0.0077062	0.0091677	0.012731	0.01666	0.017833	0.017806	0.017927	0.014732	0.015535	0.018411	0.016567	0.017667	0.01683	0.014606	0.01238	0.0071001	0.0022343	0.0038797	0.007509	0.0047161	0	0.0017157	0	0	0.0014107	0	0.0058017	3.6887e-05	0.00066295	0.0071602	0.0010436	0.0056025	0	0	0.0020015	0	0	0	0	0.0014025	0	0	0	9.2694e-05	0	0.0019154	0	0	0	0	0.0002298	0	0.0018179	0.00861	0.0066021	0	0	0	0.0044889	0.0051722	0.00037905	0.00051643	0.0019117	0.010577	0.0019369	0.0064441	0	0.004365	0.0012915	0.0032806	0.013853	0.0084114	0.014098	0.013419	0.010045	0.015319	0.010567	0.014156	0.015721	0.014748	0.010409	0.010331	0.017736	0.017823	0.011669	0.0077775	0.017424	0.016131	0.012815	0.014192	0.013715	0.011721	0.0082952	0	0.0047192	0.0076686	0.0038837	0.0017488	0.00049521	0.005838	0	0.0060231	0.011058	0.005998	0.010085	0.003824	0.0043907	0.0055818	0.0010269	0.0050087	0.0019285
0	0	0.0014798	0.0094249	0.014624	0.012124	0.015068	0.014778	0.012961	0.01525	0.012875	0.016442	0.012758	0.01514	0.0081438	0.014626	0.016349	0.009647	0.013532	0.018037	0.012797	0.015448	0.015009	0.010287	0.012792	0.013654	0	0.010525	0.015044	0.015831	0.015354	0.01576	0.013352	0.013106	0.01273	0.011721	0.014629	0.013734	0.0097775	0.0096326	0.012017	0.013647	0.011051	0.010026	0.011232	0.0086442	0.011413	0.0074789	0.013241	0.0080768	0.008135	0.012732	0.014239	0.015096	0.014215	0.016245	0.011172	0.014777	0.013507	0.012927	0.014168	0.015421	0.011792	0.011124	0.0045068	0.003131	0.0047192	0.0046053	0.0068232	0.00048702	0.0021865	0	0	0.0032998	0	0.0056698	0	0.0018995	0.005745	0.0025315	0.0037369	0	0	0.002918	0.0018867	0.00013045	0	0	0.0036805	0	0.00067676	0	0.00042578	0	0.002492	2.8945e-06	0.00017573	5.0651e-05	0	0.00058971	0.0017512	0.00037341	0.0082963	0.0093536	0	0	0	0.0068157	0.0061105	0.00011365	0.002385	0.0010364	0.0088822	0.0041153	0.0081475	0	0.0042989	0.0025685	0.0049405	0.013979	0.0052321	0.014226	0.015656	0.010396	0.016062	0.010652	0.014823	0.016672	0.015043	0.00818	0.0094166	0.01993	0.018974	0.011911	0.0086184	0.017814	0.014914	0.010394	0.017249	0.014269	0.00951	0.0075215	0	0.0042675	0.0051827	0.0047082	0.0018614	0.00054261	0.0052938	0	0.0050598	0.010015	0.0054228	0.0083604	0.0029084	0.0067807	0.0065569	0.0014329	0.0048012	0.0040333
0.00027512	0.00030839	0.0029588	0.0082958	0.010071	0.011154	0.012338	0.011954	0.0091337	0.012293	0.011318	0.012595	0.010242	0.013954	0.0068486	0.01279	0.011262	0.0082146	0.012498	0.0119	0.010803	0.012928	0.013205	0.010503	0.012222	0.012024	0.010525	0	0.012439	0.012438	0.013236	0.010479	0.0092331	0.0088827	0.0087468	0.0084246	0.0091853	0.010331	0.0092	0.0078661	0.0086739	0.010043	0.0084523	0.007941	0.011115	0.0084403	0.0098526	0.0073089	0.011642	0.0076533	0.007725	0.0092518	0.010699	0.012276	0.012157	0.012889	0.0094345	0.010845	0.011274	0.010978	0.011196	0.01107	0.010365	0.01047	0.0026878	0.0025904	0.0034636	0.0029912	0.004421	0	0.0020464	0	0	0.0015611	0	0.0045215	0.0013361	0.0012891	0.0037702	0.00036722	0.0029923	0	0	0.002158	0	0	0.00041287	0.00018279	0.0025774	0	0.00080023	0.000141	0.0015782	0.000988	0.0032234	0.0013192	0.00092896	0	0	0	0.00069298	0.0023687	0.0060203	0.0040807	0.00010307	0	0	0.0038477	0.0050682	0.0009379	0.0014317	0.0011597	0.0073657	0.0034738	0.003831	0.00035105	0.0042928	0.0031005	0.0027417	0.0078995	0.0049137	0.0095351	0.0088079	0.0064264	0.010969	0.0069742	0.0081762	0.0098086	0.010355	0.0063474	0.007656	0.01154	0.012136	0.0082548	0.0042267	0.012393	0.010023	0.0084005	0.010059	0.0094578	0.0080347	0.0055624	0	0.0048242	0.0049897	0.0031611	0.001588	0.00037662	0.0053905	0	0.0041325	0.007486	0.0043751	0.007594	0.0030667	0.0034032	0.0045977	0.00059121	0.0021039	0.0034374
0.00019783	0	0.0017033	0.011443	0.013225	0.014367	0.013996	0.014068	0.011262	0.014481	0.013232	0.016873	0.012294	0.016493	0.011672	0.015977	0.013784	0.012488	0.017519	0.017344	0.016416	0.015174	0.01506	0.0095834	0.015393	0.014877	0.015044	0.012439	0	0.015989	0.016571	0.014352	0.012331	0.013198	0.01259	0.011049	0.01297	0.011084	0.010684	0.010493	0.012114	0.013739	0.0088264	0.0091427	0.009664	0.009186	0.01058	0.0074719	0.01249	0.0071201	0.0065427	0.011809	0.014118	0.015221	0.016562	0.016953	0.012717	0.014758	0.015115	0.014521	0.015408	0.014785	0.011258	0.011702	0.0052863	0.0031474	0.0037162	0.0040539	0.0058102	0.00029224	0.0026305	0	0	0.0038248	0.00075912	0.0055182	0.0023725	0.0019977	0.0054698	0.00084636	0.0043775	0	0	0.0023604	0.00072711	0	0.00065771	0.00040333	0.0026834	6.2135e-05	0.0006652	0.00058404	0.0012855	0.00020713	0.0040642	0.0013661	8.6376e-06	0	0	0.0010197	6.8854e-05	0.0028663	0.0089071	0.0066012	0	0	0	0.0051037	0.005209	0	0.0010543	0.00078238	0.0093638	0.0030831	0.0059546	0.00041119	0.0054587	0.0028115	0.004511	0.012755	0.0056034	0.012739	0.011772	0.0096322	0.013709	0.0091912	0.010237	0.014658	0.013261	0.0074103	0.0094028	0.015272	0.015627	0.0096012	0.0047071	0.014519	0.014294	0.0084053	0.012688	0.013367	0.0085478	0.0055365	0	0.003762	0.0045654	0.0044977	0.0017068	0.00017912	0.0050144	0	0.003668	0.009984	0.0042957	0.0081732	0.0043075	0.0043649	0.0050654	0.0010661	0.0033542	0.0042344
