0	0.0014975	0.0030112	0	0.00091723	0.00043888	0.00059467	0	0	0	0	0	0	0	0.00072605	0	0.0015367	0.00036139	0	0.00077629	0	0	0	0	0	0	0.00062265	0.0009189	0	0	0	0.00078684	0	0	9.9062e-05	0	0.0012226	0.0023387	0	8.9524e-05	0.00095112	0.0012201	0.00052385	0.0012886	0.00066135	0.0006721	0.0017498	0.0023234	0.0022352	0.0023076	0.0017793	0.0012202	0.00012745	0.00070228	0	0.00066289	0.001017	0.0013664	0.00047757	0.00092544	0.00053747	7.2715e-05	0.00012912	0.001142	0	0	0	0	0	0.002233	0.0020928	0.0028348	0.00054034	0	0	0	0	0	0	0	0.00090298	0	0	4.9137e-05	0.0015621	0.0015645	0.00097558	0	0	7.7601e-05	0	0	0	0	0.0011007	0.00092414	0	0.0012753	0.00077099	0	0.00071783	0.0041997	0.0023925	0.00089722	0.0018968	0.00070307	0.00058062	0.001355	0.0015607	0.0016781	0	0	0	0.0013648	0.002114	0.00010078	0	0	0	0.00096691	0	0	0.00039005	0	0.0014658	0	0.00074535	0	0.00069817	0	0	0	0	0	0	0.00039605	0.0011798	0	0	0	0	0	0	0.00079406	0.00019668	0	0.00025054	0.0010085	0.00078202	0.00049431	0	0	0.0021784	0.0014633	0	0	0.0022808	0	0.0017801	0.00034588	9.2393e-05	0	0.0024933	0.0022942	0	0.0028466	0.0016509	0.0025089	0	0	0	0.0005295	0.0017092	0.0025852	0.0031477	0.0021394	0.0025153	0.0031049	0.0041142	0.0035207	3.3612e-05
0.0014975	0	0.0042205	0	0.0017566	0.0023923	0.0016871	0.0024411	0.00060612	0.00038971	0.0019068	0.0012257	0	0	0.0011701	0.00024159	0.001691	0.00058194	0.0015832	0.0033147	0	0.0017476	0	0.00047169	0.00046644	5.7068e-05	0.0024829	0.0010105	0	0.0022804	0.0016322	0.0033143	0.0010233	0.0025011	0.0022925	0.0017782	0.0033206	0.0020193	0.0010852	0.00015963	0.0021185	0.0029635	0.0018595	0.0010061	0.0014976	0.002314	0.0030848	0.0046135	0.0023307	0.0037596	0.0019851	0.0036065	0	0.0034888	0.004062	0.0021109	0.0037143	0.0037668	0.0018675	0.0027152	0.0028078	0.0012611	0.0029986	0.0036169	0.0014834	0.0018501	0.00172	0	0.00078284	0.0039328	0.0026201	0.0032986	0.0012438	0	0	0.0020313	0	0.001194	0.0006278	0.0039992	0.0023336	0.00091506	0.00034334	0.0033647	0.003932	0.0044736	0.0019526	0.0016503	0.0020345	0.0033699	0.00033553	0	0.0038342	0.0026795	0.003361	0.0043825	0.0031631	0.0066558	0.0050446	0	0.0044053	0.0029105	0.0023518	0.0038242	0.0023587	0.0033069	0.003957	0.0020858	0.001588	0.0044431	0.0009408	0.0014625	0	0.0031272	0.0040273	0.0015483	0	0	0	0.001788	0.00054336	0.0016365	0.00099208	0	0.0016633	0	0.0021834	0.00046456	0.0018687	0	0	0.00045101	0	0	0.00059468	0	0.0027644	0.0013027	0	0	0.00017129	0	0	0.0018563	0.00068533	0	0.0024076	0.0030384	0.003451	0.0041035	0.00028888	0	0.005201	0.0051703	0	0	0.00084376	0.00037843	0.0035413	0.00086815	0.0018121	0.0026454	0.0055457	0.0035921	0.0012211	0.0054607	0.0020749	0.0039168	0.00032937	0.00024264	6.8588e-05	0.0023509	0.0038773	0.00086068	0.005768	0.0036919	0.0038615	0.0057111	0.0065787	0.0057273	0.0027095
0.0030112	0.0042205	0	0	0.0032863	0.00298	0.0038771	0	0	0	0.0015947	0	0	0	0.0011064	0	0.0011073	0.00015958	0	0.0018098	0.00075037	0.00054498	0	0.0018483	0.0010911	0.00025029	1.9994e-05	0	0	0	0.00091442	0.0014293	0	0.0016343	0.00059776	0	0.0015569	0.0049248	0.0039104	0.0029209	0.0037508	0.002591	0.0055267	0.0040733	0.0047245	0.0045158	0.0058434	0.0072031	0.0050467	0.0062673	0.0061309	0.0032931	0.0030348	0.0035596	0.0021425	0.0020511	0.0035442	0.0030958	0.0033884	0.0028471	0.0023956	0.0026812	0.0041557	0.0020276	0	0	0	0	0.0023527	0.0028095	0.0020328	0	0.0002023	0	0	0.00043752	0	0.00011724	0.0011716	0.0032093	0.0011274	0.00062501	0	0	0	0.0012939	0.0024098	0	0.00064114	0	0.0010427	0	0	0.0010829	0.0010709	0.00042854	0.0023977	0.0054801	0.0052758	0	0.0032251	0.00052943	0.0012782	0	0.0025011	0	0.004973	0.0011443	0.00048069	0.00022403	0.0014364	0.0015113	0.002507	0.0018284	0.0022278	0.0017825	0	0.00030087	0.00057719	0.0016689	0.00039979	0.0029437	0.0033942	0.00058569	0.0017569	0.00035233	0.0021529	0.00067349	0.0023433	0	0.00045084	0	0	0	0	0.00054056	0.00070858	0.00088939	0	0	0.00017735	0.0021486	0.0015065	0.0054271	0.0052028	0.0016607	9.6234e-05	0.0051151	0.0031022	0.0013905	0.0041232	0.0013713	0.0023796	0.0031704	0.0023716	0.002612	0.006443	0.00042195	0.0033269	0.0063542	0.0028525	0.0044844	0.0061847	0.0068479	0.0037288	0.0061482	0.0071543	0.0046578	0.0049958	0.0033617	0.0021263	0.0034368	0.005091	0.0044414	0.007988	0.0073629	0.0021804	0.0097959	0.0086312	0.0074738	0
0	0	0	0	0.0014668	0.00379	0.0012096	0	0	0	0.0042209	0.0026854	0	0	0.0017461	0.0018609	0.0051395	0	0.00028878	0.0027076	0.0028483	0.0014434	0.0020037	0.0018627	0.0012184	0.0013382	0.0029848	0.00046239	0.0026674	0	0.00077478	0.0021826	0	0.0014094	0	0	0.00053416	0.0030252	0.0029527	0.001983	0.0015477	0.0022953	0.0065726	0.0031924	0.0038128	0.0026502	0.0059862	0.0079332	0.0033249	0.006189	0.0064711	0.0041685	0.00096782	0.0037064	0.0032404	0.0019096	0.004594	0.0031894	0.0046086	0.0043776	0.00055055	0.0010966	0.0035325	0.0054683	0.0050907	0.0020881	0	0.0033438	0	0	0.0041261	0	0	0.0013301	0.0016116	0.0048697	0.0032522	0.0020827	0.0033826	0.0045103	0.0049265	0	0	0.00033684	0.00041302	0	0.0019985	0.00099823	0	0.0023654	0.0036994	0.0011609	0.0024521	0.0048976	0.0015746	0.0049487	0.0038575	0.0058019	0.0093609	0.0024923	0.0047127	0	0	0.00096534	0	0.0018163	0.0074378	0.0019046	0.00089898	0.0025687	0.0031816	0.0047326	0.0023512	0	0.0076061	0.00030146	0.00029891	0.0014293	0.0021787	0.0022244	0.0018264	0.0046331	0.0042699	0.00028992	0.001798	0.0017506	0.0016432	0.00362	0.0023184	0.0013017	0	0.0010925	0.0006959	0	6.4554e-05	0.0020906	0.0023084	0	0.00058123	0.0044021	0.00069487	0.0011988	0	0	0	0	0	0	0.00074722	0	0	0	0.00091661	0.0033773	0.0046764	0.0047032	0.0025458	0.0071201	0.005406	0.0027572	0.00099574	0.0063394	0.0090259	0.0059697	0.0041946	0.011889	0.0077224	0.0068996	0.0037189	0.0072955	0.0077608	0.0056208	0.0050819	0.0094311	0.009503	0.0080596	0.0057269	0.0093112	0.010514	0.008156	0.0010433
0.00091723	0.0017566	0.0032863	0.0014668	0	0.0091812	0.0086774	0.0022395	0	0	0.006751	0.0023195	0	0.0016048	0.0053947	0.0040796	0.0071152	0.0015066	0.0027562	0.0075158	0.0053211	0.0010727	0.0030977	0.0044205	0.0039056	0.001291	0.0072247	0.0035334	0	0.0025773	0.0050253	0.0059199	0.0030496	0.007631	0.0036851	0.0034286	0.0035546	0.0097048	0.0097396	0.0052303	0.0059739	0.0094089	0.011999	0.0085291	0.011541	0.010586	0.010456	0.014214	0.0084558	0.01582	0.014629	0.01161	0.0080725	0.0091425	0.01076	0.0081296	0.012448	0.011256	0.011949	0.0082627	0.0047993	0.0063882	0.0077975	0.012005	0.0049619	0.0050838	0.0018474	0.0033123	0.0034278	0.00066174	0.0073764	0	0	0.0032698	0.0021391	0.0069486	0.0012524	0.0025242	0.0063146	0.0069609	0.0069654	0.00054509	0.0065165	0.0043972	0.0055075	0.00052196	0.01034	0.0049654	0.0023376	0.0079455	0.0092806	0.0051572	0.0091481	0.010308	0.0065359	0.010142	0.011746	0.0098574	0.016788	0.0060562	0.011263	0.0011951	0.0016833	0.0023081	0.0015639	0.0065991	0.015898	0.0042759	0.0026849	0.0033785	0.0032812	0.0032415	0.0041154	0.0013405	0.0094724	0.0025979	0	0	0.00053893	0.0059939	0.0007526	0.0088703	0.0071591	0	0.0051001	0.0012718	0.008506	0.0023785	0.0074537	0.0034326	0.0027272	0.0016785	0.0014729	0	0.0018371	0.0061231	0.007871	0.003688	0	0.0066821	0.0030138	0.0047541	0.00036056	0	0.0026641	0	0.0016405	0.0038814	0.0019029	0	0	0.003384	0.0024547	0.0081879	0.0063911	0.010745	0.0093071	0.0087027	0.0098273	0.010858	0.0072578	0.014087	0.016885	0.015414	0.0096559	0.019618	0.017709	0.012463	0.0072913	0.011962	0.0073732	0.009327	0.012579	0.0063344	0.017127	0.016491	0.010619	0.016107	0.016197	0.014871	0.0040708
0.00043888	0.0023923	0.00298	0.00379	0.0091812	0	0.0092776	0.0016473	0	0	0.0087797	0.0025589	0	0.0021412	0.0056348	0.0064732	0.0085927	0.0016991	0.0021291	0.0062794	0.0061273	0.0013989	0.0055043	0.0061097	0.0025491	0.0031838	0.0052875	0.0040356	0	0.00021413	0.0041581	0.0045352	0.002205	0.0067382	0.0034478	0.0021188	0.0032311	0.01421	0.014093	0.0076627	0.0080311	0.010648	0.01495	0.01217	0.017468	0.011804	0.01569	0.016364	0.013555	0.017326	0.018659	0.010398	0.011537	0.01106	0.010048	0.0093041	0.010657	0.010911	0.011469	0.0086693	0.0047379	0.0073467	0.0099641	0.011163	0.0025989	0.0025681	0	0.0027195	0.0018788	0.00073035	0.0067589	0	0	2.0508e-05	0.0010715	0.0049467	0.0013912	0.00030521	0.0070086	0.0059546	0.0071006	0	0.0044581	0.0013188	0.0029375	0	0.01072	0.0033195	0	0.0041875	0.0051515	0.0018358	0.0051083	0.0074428	0.0038608	0.0074785	0.0076106	0.0091992	0.014708	0.0043071	0.0073607	0	0.0011418	0.0017749	0.0014251	0.0049905	0.013851	0.0028735	0.0014704	0.0033525	0.0039875	0.0022749	0.0054041	0.00033048	0.01041	0.0023353	0	0	0.0013914	0.0058723	0.0012652	0.0091128	0.0076625	0.0010921	0.0057446	0.0010847	0.0094694	0.0021759	0.007505	0.0015241	0.0014902	0.00042123	0	0	0.0026802	0.0053226	0.0061035	0.0026717	0	0.0050306	0.0033278	0.0044803	0	0	0.0012236	0	0	0.0041182	0.002215	0	0	0.0038065	0.00017755	0.0089913	0.0096829	0.013796	0.013858	0.011206	0.011123	0.014807	0.0073988	0.014177	0.017068	0.020255	0.012073	0.019384	0.019947	0.013369	0.0076299	0.015428	0.010207	0.010497	0.012487	0.010948	0.019967	0.019045	0.010618	0.017929	0.01812	0.017472	0.003895
0.00059467	0.0016871	0.0038771	0.0012096	0.0086774	0.0092776	0	0.0025919	0	0	0.0052896	0.0020102	0	0.0034294	0.0035865	0.0038104	0.0049644	0.00063151	0.0046346	0.0050848	0.0032351	0.000487	0.0031301	0.001916	0.0037305	0.0021384	0.0056267	0.0021179	0	0.0028567	0.0050681	0.0062463	0.0012951	0.0048826	0.0015924	0.00087981	0.0021087	0.0098321	0.0091919	0.0030878	0.0042785	0.0070011	0.012086	0.0080057	0.011706	0.0073638	0.011802	0.013113	0.0093933	0.016099	0.013725	0.010883	0.0094425	0.0088838	0.0098233	0.0085322	0.011457	0.010372	0.0097603	0.0081159	0.0046163	0.0068657	0.0057808	0.010957	0.0032815	0.0042577	0.0022977	0.0030016	0.0042045	0.0016381	0.0096008	0	0	0.003564	0.0018774	0.0076351	0.0023501	0.0025777	0.0081165	0.0066591	0.0072346	0	0.0045902	0.0044477	0.0042568	0.0011115	0.010312	0.004957	0.0027023	0.0069283	0.00924	0.0051639	0.0094028	0.011288	0.0073308	0.010578	0.010865	0.010323	0.017333	0.0052564	0.010993	0.001462	0.0026833	0.0032272	0.0016588	0.0069973	0.014724	0.0043726	0.0031749	0.0041233	0.0037589	0.0034218	0.0025586	0.0021282	0.0097913	0.0029969	0	0	0.00052211	0.0055623	0	0.0074477	0.0079886	0	0.0054318	0.0006127	0.007233	0.0036597	0.0075088	1.2976e-06	0.000462	0.001662	0.0010182	0	0.0017619	0.0061183	0.008391	0.0017201	0	0.0064832	0.0020692	0.0044963	0	0	0.0022211	0	0	0.0029597	0.0015508	0	0	0.0025272	0.0029427	0.0089135	0.007214	0.010641	0.0087362	0.008565	0.008986	0.010685	0.006778	0.015015	0.017839	0.01578	0.009429	0.020534	0.017689	0.010931	0.0052493	0.01188	0.0066779	0.009907	0.010731	0.0086608	0.016284	0.01451	0.010453	0.016638	0.016263	0.014797	0.0050296
0	0.0024411	0	0	0.0022395	0.0016473	0.0025919	0	0	0	0	0	0	0	0	0.00022933	0	0	0.00044536	0	0.0010091	0	0.0014396	0	0.0017853	0	0	0	0.00024246	0.00050474	0.00013207	0	0	0	0	0	0	0.002394	0.003878	0.0006151	0.0021675	0.0024459	0.0044958	0.0037669	0.0043163	0.0037773	0.0053947	0.0076188	0.0024807	0.0094145	0.007699	0.004354	0.0025965	0.00081197	0.00030562	0.00035306	0.0046048	0.0019572	0.0026569	0.0014137	0	0	0.001828	0.0037077	0	0.00038633	0	0	0.0013978	0	0.0043101	0	0	0	0	0.0011366	0.00084184	0	0.0025385	0.0022269	0.001881	0	0.0032729	0.00063217	0.0020214	0	0.0072522	0.0014245	0	0.0048625	0.0033699	0.00097364	0.0046304	0.0061116	0.0026019	0.0054143	0.0064887	0.0073389	0.0089888	0.002142	0.0058916	0	0	0	0.0011214	0.0035044	0.0086583	0.00052281	0	0.00030109	0.0024298	0.0014915	0.00093577	0	0.0044452	0.0012323	0	0	0	0.00073445	0	0.0020145	0.0038292	0	0.00087671	0	0.0017473	0	0.0017467	0	0	0	0	0	0	0	0.00036292	0	0	0	0	0.0017737	0	0.00014426	0.0011802	0	0.0013451	0.0030549	0.0027309	0.00065959	0	0.002743	0.00031141	0.0065956	0.0030813	0.0055277	0.0022458	0.0054225	0.0039571	0.0051161	0.0034363	0.0081261	0.010714	0.010186	0.0053292	0.012727	0.010713	0.0077114	0.0034328	0.006931	0.0041949	0.0045154	0.0036165	0.0051685	0.009603	0.008145	0.0065927	0.011495	0.010352	0.0071941	0
0	0.00060612	0	0	0	0	0	0	0	0	0	0	0.00021398	0	0	0	0	0	0	0	0	0	0	0	0	0	0	0	0.0031661	0	0	0	0	0	0	0	0	0	0	0	0	0	0	0	0	0	0.00057817	0.0019225	0	0.0030422	0.0023636	0	0	0	0	0	0	0	0	0	0	0	0	0	0	0	0	0	0	0	0	0	0	0	0	0	0.0024591	0	0	0	0	0	0.00030173	0	0	0	0.0033895	8.9849e-05	0	0.0018996	0	0	0.00030484	0.0021581	0	0.00095266	0.0015348	0.0029095	0.0037286	0	0.0013242	0	0	0	0	0.0012605	0.0023792	0	0	0	0.0018401	0.0010773	0	0	0.00064994	0	0.0041044	0.0039428	0.0036135	0	0	0	0	0	0	0.00019741	0	0	0	0	0	0	0	0	0	0	0	0	0	0	0	1.3877e-05	0	0.0010684	0	0	0	0.0012019	0.0022827	0	0	0	0	0.0026652	0	0.0026972	0	0.002572	0.0010583	0.0014139	0.00012184	0.0025083	0.004914	0.0049726	0.0028103	0.0055151	0.0048887	0.0016686	0.0025348	0.0044323	0.0034993	0.0030414	0	0.0076576	0.0024429	0.0011184	0.0032653	0.0034665	0.0044323	0.0020636	0
0	0.00038971	0	0	0	0	0	0	0	0	0	0	0	0.00024373	0	0	0	0	0	0	0	0	0.0010528	0	0.00032008	0	0	0	0	0	0	0	0	0	0	0	0	0	0.00056724	0	0.00033644	0	0.002373	0.00031828	0.00046272	0.0031121	0.0014314	0.0047444	0	0.0060406	0.0052007	0	0	0	0	0	0	0.00051935	0	0	0	0	0	0.00042542	0	0.00049202	0	0	0.001048	0	0.0027339	0	0	0	0	0	0.00072487	0	0	0.0010026	0	0	0.0010572	0	0.0014987	0	0.0038792	0.00070731	0	0.0035562	0.0023643	0.00037684	0.0027452	0.004117	0.0027712	0.0048878	0.0037503	0.0032271	0.0070557	0.00012817	0.0041435	0	0	0	0	0.002635	0.0058983	0	0	0	7.0238e-05	0	0	0	0.0039339	0.00029831	0	0	0	0	0	0	0	0	0	0	0	0	0	0	0	0	0	0	0	0	0	0	0	0	0	0	0	0	0	0	0	0.00023092	0.00097572	0	0	0	0	0.0026902	0	0.0032466	0.00027309	0.0027341	0.0020713	0.0012819	0.0014718	0.0059342	0.0075993	0.0057452	0.0045214	0.0086065	0.0071604	0.0041513	0.003874	0.0067283	0.0024704	0.0039294	0.0018696	0.0069199	0.0059408	0.004337	0.0051666	0.0074535	0.0072138	0.0050717	0
0	0.0019068	0.0015947	0.0042209	0.006751	0.0087797	0.0052896	0	0	0	0	0.0021991	0	0	0.0041767	0.0042561	0.0056108	0.0013544	0.003153	0.0052129	0.0036766	0.00037898	0.0012159	0.0061684	0.0025399	0	0.0061896	0.0013514	0	0	0.0030604	0.0046588	0.0013588	0.004642	0.0013444	0.00069441	0.0027177	0.0088084	0.0063045	0.0040413	0.0063869	0.007073	0.00962	0.0074677	0.0091106	0.0067541	0.011754	0.014828	0.0089117	0.015696	0.014001	0.0088901	0.0057291	0.0077833	0.0080882	0.0067431	0.0098593	0.0073692	0.0082368	0.0062964	0.0049537	0.0044173	0.0042092	0.0091769	0.0060027	0.0028526	0.00053009	0.0038779	0.0020436	0	0.0061426	0	0	0.00021336	0.00061881	0.0043738	0.00062404	0.00081165	0.0062292	0.0062706	0.0059162	0	0.0048797	0.0022941	0.002654	0	0.0085651	0.0032351	0	0.0048082	0.0061612	0.0035748	0.0060265	0.0089532	0.0041926	0.0082348	0.008685	0.0093244	0.01455	0.004102	0.0088637	0.00062013	0.00015975	0.0023718	0.0015396	0.0064301	0.01371	0.0029729	0.001063	0.0035028	0.0045572	0.0059233	0.0049216	0.0012774	0.0096341	0.0027266	0	0	0.0025743	0.0044423	0.0010248	0.0077681	0.0078539	0.0006376	0.0041426	0.0019765	0.0066968	0.0034224	0.0059447	0.0014006	0.001909	0.0020528	0	0	0.0019331	0.0031857	0.0063149	0.0031442	0.00018947	0.0044901	0.0026602	0.0040286	0.00056627	7.8751e-05	0.0026785	0	0.00099602	0.0040357	0.0013011	0	0	0.0041305	0.0037045	0.0080549	0.0065732	0.0082851	0.0072932	0.0094335	0.011878	0.01048	0.0078094	0.012783	0.017426	0.014193	0.0084282	0.020423	0.016721	0.012699	0.006337	0.011938	0.0091442	0.0089573	0.011684	0.0078955	0.014741	0.012827	0.0094356	0.014817	0.016717	0.014156	0.0052452
0	0.0012257	0	0.0026854	0.0023195	0.0025589	0.0020102	0	0	0	0.0021991	0	0	0.0029076	0.0046577	0.0036581	0.00061139	0.0025639	0.0027505	0.00012869	0.0013379	0.0010889	0.0041172	0.0025433	0.0035666	0.0017759	0.00078688	0.00055761	0	0	0	0.00020525	0	0.00040395	0	0	0	0.0036994	0.0041616	0.0030213	0.003039	0.0016246	0.0045166	0.0051463	0.0053	0.0037718	0.0065063	0.0065999	0.004198	0.0081876	0.0081506	0.0036448	0.0035189	0.00092154	0.0022704	0.002142	0.0043194	0.0022855	0.0049622	0.0033537	0.00052567	0.00059491	0.00046226	0.004153	0.00053128	0.0012629	0	0.0011525	0	0	0.0036785	0	0	0.0010198	0.00065005	0.0028067	0.002937	0.00080941	0.0027926	0.0021522	0.003602	0	0.0011088	0	0	0	0.0059314	0.0016633	0	0.0023619	0.0027128	0.00028741	0.0045861	0.0056976	0.0030619	0.0060619	0.0063621	0.0044754	0.0094622	0.0015611	0.0038785	0	0	0	0	0.0024157	0.0095836	0.00057818	0	0.0008067	0.0026149	0.0031026	0.0010953	0	0.0041524	0	0	0	0.00035972	0.00094327	0	0.0019331	0.003007	0	0.0020455	0	0.001204	0.0009397	0.0025348	0	0	0	0	0	0	0.00093499	0.0017924	0	0	0.0011041	0.00082273	0.0018798	0	0	0	0	0	0.00064171	0.00052807	0	0	0.00022903	3.9646e-05	0.0034721	0.0028432	0.0055154	0.0025983	0.0065074	0.0070175	0.0055723	0.0038553	0.0094169	0.010694	0.0085032	0.0061675	0.012185	0.011856	0.0079055	0.0036422	0.0096068	0.0046653	0.0069377	0.0054397	0.0064244	0.0098904	0.0075043	0.0062478	0.011447	0.011044	0.0074951	0.00062313
0	0	0	0	0	0	0	0	0.00021398	0	0	0	0	0	0	0	0	0	0	0	0	0	0	0	0.00059699	0	0	0	0.00056149	0	0	0	0	0	0	0	0	0	0	0	0	0	0	0	0	0	0.0004027	0.0014712	0	0.0023281	0.0027748	0	0	0	0	0	0	0	0	0	0	0	0	0	0	0	0	0	0	0	0.00082825	0	0	0.00027725	0	0	0.0033889	0.001122	0	0	0	0	0.00050133	8.5324e-05	8.3373e-05	0	0.0024427	0.00090667	0	0.002372	0.0017908	0.00016046	0.0028262	0.003167	0.0010191	0.0023913	0.0030095	0.00045265	0.0051736	0	0.003002	0	0	0	0	0.00048809	0.0033486	0	0	0	0.00092924	0.0010236	0	0	0.0016638	0	0.001938	0.0025204	0.0023174	0	0	0	0	0	0	0	0	0	0	0	0	0	0	0	0	0	0	0	0	0	0	0	0	0	0	0	0	0	0.0006504	0	0	0	0	0.00048425	0	0.0008753	0	0.0029448	0.0004804	0	0.00021154	0.0030241	0.0051173	0.0035352	0.0040629	0.0072024	0.0039179	0.0023257	0.0016317	0.0042099	0.0010811	0.0024608	0	0.0065267	0.0020945	0.00081988	0.0023719	0.0037532	0.0043017	0.0017043	0
0	0	0	0	0.0016048	0.0021412	0.0034294	0	0	0.00024373	0	0.0029076	0	0	0.0020934	0.0045527	0	0.0006665	0.0029506	0	0.001897	0.00083766	0.0057031	0.00039799	0.004351	0.0011455	0.0029186	0.00094912	0	2.0394e-05	0.0012271	0.0010455	0.00075477	0.0013289	0	0	0	0.004564	0.0030132	0.0027915	0.0027607	0.0041439	0.0061646	0.0047248	0.0044274	0.004191	0.0053337	0.0075488	0.0029409	0.0083069	0.0082328	0.0034074	0.002886	0.0028268	0.0020282	0.00077111	0.0046163	0.0039729	0.0030231	0.002083	0	0.002153	0.00072086	0.0046832	0	0.0025607	0	0	0.0019095	0	0.0049838	0	0	0.0014419	0.00094529	0.0027751	0.0012784	0.0013069	0.0017835	0.0026003	0.0015096	0	0.0019115	0.0016686	0.001693	0.00023655	0.0073624	0.0023636	0.00099002	0.0035098	0.0051152	0.0019142	0.004796	0.0071061	0.0044605	0.0066084	0.0065333	0.0040325	0.0097954	0.0015502	0.0051905	0	0	0	0	0.0029667	0.0087479	0.0017025	0	0.002124	0.0018779	0.00051524	0	0.00098665	0.0066163	0.00065356	0	0	0	0.000442	0	0.00040817	0.0020047	0	0.0011203	0	0.00075487	0	0	0	0	0	0	0	0	0.00020167	0.00070189	0	0	0.0010519	0	0	0	0	0	0	0	0	0	0	0	0	0	0.0022705	0.0030046	0.0042512	0.0021284	0.0046349	0.0041047	0.0027593	0.0015294	0.0086492	0.011793	0.0087823	0.0063809	0.012538	0.010382	0.0069497	0.0022392	0.0093467	0.0034673	0.0051856	0.0046395	0.0077641	0.0083616	0.0063807	0.0051168	0.011545	0.010163	0.0093904	0.00030233
0.00072605	0.0011701	0.0011064	0.0017461	0.0053947	0.0056348	0.0035865	0	0	0	0.0041767	0.0046577	0	0.0020934	0	0.0057496	0.0038327	0.0017135	0.001929	0.0036436	0.0039291	0.0010434	0.0043941	0.0056579	0.0024964	0.0043774	0.0071253	0.0032039	0	0	0.0036084	0.0056393	0.0013063	0.0029965	0.0014256	0.00061672	0.0014725	0.0056547	0.0045483	0.0043424	0.0066616	0.0063888	0.007395	0.0064671	0.0062581	0.005606	0.006199	0.010376	0.0050786	0.0095902	0.0094266	0.0055525	0.0036613	0.0051391	0.0047214	0.0048524	0.0063941	0.0065634	0.0070174	0.0052082	0.002133	0.0035971	0.0025963	0.0060526	0.0016763	0.0036125	0.001087	0.00067316	0.0032565	0.00049671	0.0061148	9.3074e-05	0	0.0023329	0.0024967	0.0033609	0.0015762	0.0012081	0.0033311	0.0055697	0.0029978	0.0004856	0.0023816	0.0035546	0.0026165	0.00028561	0.0075149	0.00381	0.0015128	0.0047819	0.0064767	0.0040466	0.0056752	0.0065758	0.0045818	0.0072859	0.0079185	0.0060962	0.010786	0.004623	0.0075576	0.0011263	0	0.0011032	0.00085845	0.0047721	0.0098079	0.0027293	0.0018252	0.0023513	0.0041518	0.0032874	0.002229	0.0019267	0.0073415	0.0016219	0	0	0.00086327	0.0014073	0	0.0030207	0.0052352	0	0.0022447	0.0017856	0.003109	0.0018223	0.002723	0.00029669	0	0.00078203	0	0	0.0018481	0.0016779	0.0035901	0.00065998	0	0.0026596	0.0021913	0.0019759	0	0	0.00081436	0	0.00046111	0.0024013	0	0	0	0.00098203	0.00083328	0.0033054	0.0050004	0.0060972	0.0045607	0.0059484	0.005704	0.0050267	0.0045741	0.0091134	0.013011	0.010231	0.0074126	0.012917	0.010861	0.0081284	0.0036452	0.0094926	0.0048593	0.006738	0.0060099	0.0076783	0.0093009	0.0082006	0.0051094	0.011507	0.011701	0.010427	0.0030828
0	0.00024159	0	0.0018609	0.0040796	0.0064732	0.0038104	0.00022933	0	0	0.0042561	0.0036581	0	0.0045527	0.0057496	0	0.0034605	0.004755	0.0048427	0.0020331	0.0014766	0.00085154	0.0048856	0.003622	0.0057439	0.0016004	0.006103	0.0028667	0	0	0.0037027	0.0038081	0	0.0022789	0	0	0	0.0054432	0.0054953	0.0026555	0.00262	0.0044173	0.0067964	0.0047549	0.0073615	0.0037984	0.007939	0.0089249	0.0056764	0.010668	0.0093797	0.0070165	0.0044405	0.0050083	0.0045028	0.0037492	0.0076	0.006286	0.0047985	0.0060809	0.00077916	0.0022872	0.0015724	0.0059557	4.6004e-05	0.0015914	0	0	0.00048871	0	0.0053183	0	0	0.0019172	0.0008126	0.0039586	0.0022041	0.0020009	0.0038487	0.0030608	0.0037359	0	4.5485e-05	0.00076871	0.0016124	0	0.0059934	0.0020896	0.00048074	0.0041958	0.0059653	0.0019218	0.0066641	0.0077957	0.0050654	0.0085032	0.0090335	0.00521	0.011066	0.0034816	0.005473	0	0	0	0	0.0023866	0.010643	0.00036655	0	0.0020136	0.003553	0.0033853	0.0010073	0	0.0068832	0.0015211	0	0	0.00074173	0.002559	0	0.0049367	0.0045812	0	0.0017782	0.00022207	0.0022146	0.00071031	0.0034296	0	0	0	0	0	0	0.0019975	0.0028421	0	0	0.0040193	0.00013392	0.0010918	0	0	0	0	0	0.00042814	0.00080105	0	0	0	0	0.0041651	0.005067	0.0044774	0.0024711	0.0073336	0.0072596	0.0062068	0.0032854	0.0099612	0.012429	0.010379	0.0077752	0.015892	0.013243	0.0087895	0.0051243	0.009864	0.0071929	0.0075501	0.005895	0.0067056	0.011091	0.0094857	0.0062961	0.013	0.011678	0.0098195	0.001462
0.0015367	0.001691	0.0011073	0.0051395	0.0071152	0.0085927	0.0049644	0	0	0	0.0056108	0.00061139	0	0	0.0038327	0.0034605	0	0.0017953	0.0017778	0.0025999	0.0017018	0	0.0012745	0.004885	0.0019467	0	0.0047433	0.0016903	0	0	0.0009122	0.0023041	0	0.0027531	0.00079075	0	0.0014753	0.0078862	0.0082255	0.003017	0.0049491	0.0055867	0.0085737	0.0067089	0.0091687	0.0057452	0.010265	0.01239	0.0073825	0.0153	0.012432	0.007547	0.005838	0.0051659	0.0058294	0.0039816	0.0082015	0.0053654	0.0071875	0.005291	0.001518	0.0019451	0.004896	0.0071746	0.0023063	0.0022564	0	0.0037736	0.0012648	0	0.0075941	0	0	0.0011833	0.0010922	0.0048057	0.0018868	0.0019982	0.0072188	0.005657	0.006997	0.00065782	0.005747	0.0026933	0.0026555	0	0.0088039	0.0031711	0.00011515	0.0045416	0.0068262	0.0035432	0.0061608	0.0093859	0.0055968	0.009147	0.010074	0.0087989	0.014499	0.0040125	0.0084368	0.00075877	0.00038928	0.0014717	0.0012799	0.0063075	0.013687	0.0036359	0.0020474	0.0038512	0.0046732	0.0063653	0.0056994	0.00044349	0.0092031	0.0020738	0	0	0.0032052	0.0031096	0.00082518	0.0086628	0.0084357	0.0016592	0.0037797	0.0026033	0.0063242	0.0027311	0.0067704	0.0025179	0.0016883	0.00153	0	0	0.0034019	0.0019035	0.0047448	0.0019178	0	0.0041806	0.0020726	0.0046308	0.0014519	0.0013386	0.0038189	0	0.0017211	0.0034187	0.0023182	0.00042838	0.00012886	0.002798	0.0034936	0.0080728	0.0056992	0.0094334	0.0070689	0.008443	0.010423	0.011459	0.0079649	0.013649	0.016427	0.014346	0.0090233	0.019821	0.016379	0.010384	0.0074717	0.010972	0.0077559	0.0087386	0.010401	0.0073861	0.014441	0.013271	0.0097168	0.014906	0.015402	0.012012	0.0034498
0.00036139	0.00058194	0.00015958	0	0.0015066	0.0016991	0.00063151	0	0	0	0.0013544	0.0025639	0	0.0006665	0.0017135	0.004755	0.0017953	0	0.00073075	0.0023509	0.0027873	0.0015507	0.0032878	0.0030317	0.0017404	0.0041271	0.0038933	0.0033103	0	0	0.00014122	0.0033347	0.00082043	0.0015136	0.00058003	0.00020748	0	0.0030327	0.0013233	0.0025777	0.0027082	0.0028178	0.0047147	0.0027457	0.0032424	0.0026391	0.0037574	0.0060445	0.003326	0.0050209	0.0057296	0.0018239	0.0016508	0.0023809	0.00093858	0.0016637	0.0028568	0.0024566	0.0029947	0.0015673	0.00039848	0.0013938	0.00039164	0.0031467	0.00053084	0.0020934	0	0	0.0015547	0	0.0028207	0	0	0.00057028	0.0015909	0.00038949	0.0010207	0.00033952	0	0.0024043	8.1094e-05	0	0.00014049	0.0017701	0	0	0.0047359	0.0018859	0.00071853	0.0019758	0.0045236	0.0027214	0.0029282	0.0045713	0.0030715	0.0040818	0.0047344	0.0023057	0.0080599	0.0026564	0.0042269	0.00022548	0	0.00056696	0.00052825	0.0024483	0.0064525	0.00063274	0.0007885	0.0014621	0.0021954	0.0016255	0	0.00084796	0.0049001	0.0019679	0	0.0012938	0.0017101	0	0	0	0.0015706	0	0.00049448	0.0010171	0.00018437	0.0007339	0.0001036	0	0	0	0	0	0.0014038	0	0.00010026	0	0	0.00056791	0	0	0	0	0	0	0	0	0	0	0	0.00018869	0	0.00023648	0.0025736	0.0040395	0.0017113	0.0036635	0.0033923	0.0020315	0.0021663	0.0057073	0.008274	0.0053106	0.0056664	0.0085897	0.006288	0.0055393	0.0026794	0.0069204	0.0024335	0.0035552	0.0026317	0.0078166	0.0056684	0.0038271	0.0030892	0.00705	0.0075908	0.0065634	0.0010949
0	0.0015832	0	0.00028878	0.0027562	0.0021291	0.0046346	0.00044536	0	0	0.003153	0.0027505	0	0.0029506	0.001929	0.0048427	0.0017778	0.00073075	0	0.00039844	0.0029006	1.4889e-05	0.0046728	0.0017054	0.0012356	0	0.0033634	0.001014	0	0	0.0018999	0.0024922	0	0.0011688	0.00013145	0	0	0.0045193	0.0056028	0.0046928	0.0029704	0.0032279	0.0073011	0.0067889	0.0075155	0.0049046	0.0074058	0.0076978	0.0051825	0.0095651	0.008986	0.0040487	0.0043475	0.0027324	0.0025658	0.0036898	0.0055789	0.0049264	0.004631	0.0041131	0	0.00030848	0.0020684	0.0043574	0	0.0017478	0	0	0.0010147	0	0.0039894	0	0	0	0.0002447	0.0021199	0.00059997	0	0.0031338	0.0020436	0.0020966	0	0.0033807	0.00070928	0.0015133	0.00019129	0.0076114	0.0018866	0.0007424	0.0038353	0.0044759	0.0020838	0.0045529	0.0068915	0.0026719	0.006317	0.0070083	0.0058518	0.010046	0.0020655	0.004937	0	0	0	0.00019299	0.0032138	0.0084664	0.0015962	0	0.00055919	0.0018071	0.0015779	0.0002644	0	0.0064687	0.00071853	0	0.000598	0.00050342	0.0020502	0	0.0028583	0.0031823	0	0.0025697	0	0.0034111	0	0.002901	0	0	0	0	0	0	0.001537	0.0019795	0	0	0.0011964	0.00071574	0.0019564	0	0.00053171	0	0	0.00077804	0.001922	0.001511	0	0	0.0024666	0	0.0053054	0.0039351	0.0053358	0.0015698	0.0051152	0.0053262	0.0056522	0.0047594	0.0090455	0.010124	0.010754	0.0063777	0.012222	0.012248	0.0070965	0.0036483	0.0091367	0.0055043	0.0043855	0.0037983	0.0077239	0.0082788	0.0070518	0.0047355	0.011656	0.01054	0.0083212	0.00095031
0.00077629	0.0033147	0.0018098	0.0027076	0.0075158	0.0062794	0.0050848	0	0	0	0.0052129	0.00012869	0	0	0.0036436	0.0020331	0.0025999	0.0023509	0.00039844	0	0.0024972	0	0.00039084	0.0032584	0.0013865	0	0.0043088	0.0033895	0	0	0	0.002918	0	0.0038134	0.0004868	0	0.00038513	0.0070432	0.0084111	0.0022981	0.005572	0.0059622	0.010422	0.0074229	0.0095844	0.0076606	0.010582	0.013527	0.0084535	0.016184	0.013475	0.0074654	0.0072016	0.0047371	0.0075252	0.0052732	0.0093723	0.0061177	0.0088731	0.005466	0.0027487	0.0025166	0.0050188	0.007956	0.0015839	0.0022775	0	0.0019791	0.00078886	4.8084e-05	0.0073596	0	0	0	0.00018978	0.0031848	0.000704	7.6995e-05	0.0049794	0.0047222	0.0054981	0	0.0025418	0.0001	0.0013422	0	0.0095823	0.0031431	0	0.0046112	0.0063662	0.0032248	0.0071726	0.010428	0.0044351	0.0093552	0.010812	0.0084333	0.015008	0.0038791	0.0088943	0.00026978	0	3.4481e-05	0.00081884	0.0050652	0.013884	0.0024744	6.511e-05	0.0030743	0.0035233	0.004957	0.0038888	6.5361e-05	0.0085326	0.0016069	0	0	0.0002757	0.0030215	0	0.0073472	0.0068854	0	0.0040573	0.00039243	0.0060574	0.0019151	0.0062825	0.001092	0.00094759	0.00010878	0	0	0.0014116	0.0026333	0.0058065	0.0021772	0	0.0034522	0.0036314	0.0037316	2.4232e-05	0	0.00086731	0	0	0.0019929	0.0022581	0	0	0.0015834	0.0021917	0.0066098	0.0060799	0.0097469	0.008027	0.0087808	0.011237	0.010904	0.0081558	0.014714	0.017563	0.016217	0.0091003	0.020295	0.018757	0.012412	0.007748	0.012596	0.0076282	0.0095832	0.01189	0.0091447	0.014875	0.012956	0.009344	0.017835	0.017384	0.012968	0.0026511
0	0	0.00075037	0.0028483	0.0053211	0.0061273	0.0032351	0.0010091	0	0	0.0036766	0.0013379	0	0.001897	0.0039291	0.0014766	0.0017018	0.0027873	0.0029006	0.0024972	0	0.0012496	0.0026196	0.0043837	0.0047779	0.0019522	0.0047379	0.0010606	0	0.0001775	0.0043104	0.0043547	0.00054082	0.0029212	0.0016893	0.0012911	0.0018215	0.0047169	0.0043563	0.00054893	0.0022014	0.0050179	0.0076734	0.004568	0.0048876	0.0051038	0.008731	0.010129	0.0059249	0.011107	0.009867	0.0078387	0.0042157	0.0061232	0.0056827	0.0050424	0.0085607	0.0055055	0.0053523	0.003934	0.0033128	0.0045	0.0023224	0.0068263	0.0026297	0.001915	0	0.0010509	0.0016305	0	0.0047083	0	0	0.0022105	0.00050824	0.0039434	0.0012771	0.00060047	0.0043541	0.0047809	0.0037463	0	0.0014464	0.0018317	0.00169	0	0.005988	0.0024404	0.00050146	0.0028782	0.0059025	0.00273	0.0053696	0.0070467	0.0033258	0.0061448	0.0078829	0.0071098	0.010965	0.0037409	0.0055775	0	0.00081845	0.0020909	0.00059634	0.0044221	0.01004	0.001595	0.00036377	0.0017686	0.0032827	0.0046766	0.0023508	0.00080245	0.0083915	0.00029372	0	0	0.00081316	0.0038595	0	0.0047551	0.0055877	0.00025813	0.0031922	0.0016579	0.0044764	0.0032741	0.0039126	0.0016479	0.0013955	8.2716e-05	0	0	0	0.004783	0.0047884	0.00055022	0	0.0040747	0.0011027	0.003935	0	0.00023515	0.00079562	0	0.0006268	0.002631	0.00091966	0	0	0.0024876	0.001366	0.0039515	0.0049553	0.0074773	0.0047583	0.0070493	0.0088804	0.0077061	0.0043588	0.010646	0.013092	0.01041	0.0086483	0.015366	0.01371	0.0086534	0.00521	0.0097394	0.0079061	0.0072592	0.0064794	0.0092913	0.010808	0.010497	0.0073029	0.013655	0.012577	0.011098	0.00261
0	0.0017476	0.00054498	0.0014434	0.0010727	0.0013989	0.000487	0	0	0	0.00037898	0.0010889	0	0.00083766	0.0010434	0.00085154	0	0.0015507	1.4889e-05	0	0.0012496	0	0.00058573	0	0.0019422	0	0	0	0	0	0	0	0	0	0	0	0	0.0028093	0.0003691	8.104e-05	0.0015671	2.7523e-05	0.0032907	0.0031618	0.0028899	0.0034564	0.0046682	0.0055494	0.0027651	0.0079332	0.0062076	0.0014658	0.00048733	0	0	7.0197e-05	0.0018143	0.0014668	0.00011368	0.00066213	0	0	0	0.0013493	0	0.0016869	0	0	0.0009097	0	0.0042495	0	0	0.00093871	0	0.0011859	0.002928	0.00075353	0.0011132	0.0023238	0.0015941	0	0.0025458	0.0011172	0.0017767	0.00011726	0.0051476	0.0015485	0.00081365	0.0041242	0.0027263	0.0013377	0.0040128	0.005684	0.0025074	0.0045312	0.005951	0.0049138	0.0082597	0.0015151	0.0042599	0	0	0	0	0.0041515	0.0065055	0	0	0.00063995	0.0027514	0.0018074	0.001142	0	0.006846	0.00094061	0.001103	0.0020211	0.0014321	0	0	0.0010079	0.0022761	0	0	0	0	0	5.3688e-05	0	0	0	0	0	0	0	0	0	0	0	0	0.0015708	0	0	0.00078965	0	0	0.0014924	0.001291	0	0	0.0011305	0	0.0051138	0.0014675	0.0046873	0.00064627	0.0048793	0.0056425	0.0041452	0.003113	0.0078944	0.010594	0.0090283	0.0060423	0.012129	0.010482	0.0065306	0.0040573	0.0080066	0.0037133	0.0062077	0.003024	0.0085394	0.007903	0.0062327	0.0069754	0.0097826	0.0094775	0.0072036	0
0	0	0	0.0020037	0.0030977	0.0055043	0.0031301	0.0014396	0	0.0010528	0.0012159	0.0041172	0	0.0057031	0.0043941	0.0048856	0.0012745	0.0032878	0.0046728	0.00039084	0.0026196	0.00058573	0	0.00079058	0.0064923	0.0022443	0.0038848	0.00094229	0.00060429	0.00084703	0.0024696	0.0021466	0	0.0011909	0	0	0	0.0043727	0.0045906	0.0016869	0.0024153	0.0028211	0.005833	0.004703	0.0048438	0.003732	0.0071527	0.0075036	0.004181	0.010441	0.0083711	0.0049898	0.004121	0.0041476	0.0033893	0.001882	0.0062776	0.004888	0.0038446	0.0039611	0.0004455	0.0026799	0.00029698	0.0051129	0.0016224	0.0012761	0	0.00015689	0.00010734	0	0.0051155	0	0	0.0029273	0.00051459	0.004065	0.0022682	0.0019772	0.0043229	0.0037277	0.0034234	0	0.0010553	0.00053006	0.00084826	0	0.0050834	0.0028189	0.00098242	0.0046148	0.0055257	0.002517	0.005382	0.0073148	0.0045777	0.0071674	0.00819	0.0054441	0.010366	0.0038086	0.0060663	0	0	0	0	0.0030268	0.0096901	0.0023383	0	0.0028236	0.0024524	0.0020045	0.0018552	0	0.0079278	0.00096891	0	0	0.00074584	0.0036707	0	0.0050126	0.0055246	0	0.0022316	0.0003872	0.0029007	0.0019821	0.0035121	0	0	0	0	0	0.0015479	0.0033625	0.0032974	0	0	0.0042949	0	0.00071949	0	0	0	0	0	0.00015062	0.00029078	0	0	0	0	0.0042096	0.0044387	0.0054314	0.0019949	0.006014	0.0061548	0.0040119	0.0023093	0.0097667	0.011885	0.01094	0.0086623	0.016236	0.012657	0.008066	0.0045496	0.010774	0.0060527	0.0067245	0.0061089	0.0081989	0.009888	0.0094376	0.0060331	0.011732	0.01145	0.0087389	0.00048855
0	0.00047169	0.0018483	0.0018627	0.0044205	0.0061097	0.001916	0	0	0	0.0061684	0.0025433	0	0.00039799	0.0056579	0.003622	0.004885	0.0030317	0.0017054	0.0032584	0.0043837	0	0.00079058	0	0.001645	0	0.006905	0.0029113	0	0.00012171	0.0018444	0.0029726	0	0.0029388	0	0	0.00041891	0.0041888	0.0023056	0.0033621	0.0034713	0.0036639	0.0047683	0.0044137	0.0038587	0.0040338	0.0066171	0.0092714	0.0044676	0.010666	0.0078904	0.0049062	0.0022554	0.00373	0.0044907	0.0028018	0.0049888	0.0049076	0.005453	0.0056511	0.0016295	0.0011147	0.001714	0.0062128	0.0032711	0.0023258	0	0.00086301	0.0009624	0	0.0049155	0	0	0.0009207	0.0010577	0.0020147	0	0.00094097	0.00324	0.004518	0.0026671	0	0.0023399	0.0026347	0.0029947	0.00038169	0.0046397	0.0023438	0.00048991	0.004232	0.0053066	0.0028	0.0048057	0.0061023	0.0033657	0.0070521	0.0079832	0.0084814	0.011262	0.0039475	0.0081163	0.0014405	0	0.00092648	0	0.0059199	0.011365	0.0008935	0.00095694	0.0024409	0.0029716	0.0043423	0.002196	0.00093941	0.0077675	0.0024784	0	0	0.0010222	0.0011348	0	0.0041953	0.0044465	0	0.0017831	0.00054598	0.002612	0.001085	0.0024929	0.00050697	0	0	0	0	0.0002225	0	0.0029961	0.00071994	0	0.0016259	0.0012147	0.00063543	0	0	0.0016269	0	0.0014139	0.0025713	0.0027766	0.0014429	0	0.0013886	0.0037936	0.0061855	0.0033377	0.0037559	0.0036608	0.0059221	0.0071604	0.0052549	0.0051017	0.0088781	0.011778	0.0080498	0.0061537	0.014506	0.010837	0.0094146	0.0027301	0.007985	0.0051917	0.0065695	0.0078261	0.0043734	0.011001	0.0094656	0.006974	0.011266	0.01255	0.010088	0.0018415
0	0.00046644	0.0010911	0.0012184	0.0039056	0.0025491	0.0037305	0.0017853	0	0.00032008	0.0025399	0.0035666	0.00059699	0.004351	0.0024964	0.0057439	0.0019467	0.0017404	0.0012356	0.0013865	0.0047779	0.0019422	0.0064923	0.001645	0	0.0029414	0.0032143	4.2646e-05	0.0022128	0.00043543	0.0028948	0.0023392	0.00084538	0.001446	0.00094387	0.00078641	0.00091549	0.005021	0.0055288	0.0046058	0.0047516	0.0045076	0.0068352	0.0067027	0.0068762	0.0051255	0.0064933	0.008272	0.0049935	0.0089559	0.0079632	0.0043669	0.0044907	0.003575	0.0021094	0.0035933	0.005587	0.0042872	0.005022	0.0040044	0.0014224	0.0016316	0.0024118	0.0041313	0.00019921	0.0022714	0	0	0.0013074	0	0.0046282	0	0	0	0.0006798	0.0033202	0.0013019	0.00041718	0.0029984	0.0035977	0.0032577	0	0.0028952	0	0.0015727	7.744e-05	0.0066214	0.0017623	0.00078935	0.0026846	0.0045718	0.0016221	0.0045796	0.0065612	0.0023094	0.0056315	0.0076328	0.0064069	0.0093782	0.0011843	0.0048726	0	0	0	0.00030842	0.0017131	0.0081047	0.00061727	0	0.0012074	0.0021889	0.0014096	0.0019484	0	0.0056677	0.00072917	0	0	0.00076996	0.0014472	0	0.0015249	0.0033188	0	0.0020186	0	0.002191	0.00019475	0.0020022	0	0	0	0	0	0	0.0022035	0.0019916	0	0	0.0020954	0	0.0012883	0	0.0002178	0	0	0.00043984	0.0022502	0.00019334	0	0	0.0017574	0	0.0040306	0.0042621	0.004421	0.0028869	0.0044335	0.0054836	0.0055002	0.0050261	0.0084334	0.010679	0.010493	0.0062094	0.011535	0.012137	0.0077748	0.0034824	0.0086093	0.004689	0.0044912	0.0041849	0.0064488	0.0066948	0.0056753	0.0051434	0.0099802	0.0090868	0.0091048	0
0	5.7068e-05	0.00025029	0.0013382	0.001291	0.0031838	0.0021384	0	0	0	0	0.0017759	0	0.0011455	0.0043774	0.0016004	0	0.0041271	0	0	0.0019522	0	0.0022443	0	0.0029414	0	0.00063633	0.00075617	0	0	7.8979e-05	0	0	0	0	0	0	0.0033127	8.3139e-05	0.0011008	0.0031418	0.0026955	0.0053721	0.0034172	0.0023423	0.0041756	0.0043362	0.0070384	0.0036906	0.0093161	0.0075536	0.0033012	0.00042635	0.00068063	0.00090087	0.0012553	0.002879	0.0029707	0.0013607	0.0027284	0	0	4.3979e-05	0.0037695	0	0.0011299	0	0	0.00074059	0	0.0047092	0	0	0.00091042	0	0.00068107	0.0011765	0.00053005	0.0011532	0.0021573	0.0012089	0	0.0028123	0.00097185	0.0015914	0	0.006393	0.0011552	0	0.0036572	0.0033566	0.00080458	0.0037991	0.006011	0.0026028	0.0050507	0.0062774	0.005187	0.0095951	0.0013763	0.0052101	0	0	0	0	0.0032127	0.007605	0	0	0.001829	0.0019571	0.0016833	0.00044589	0	0.0072588	0	0	0.00036369	0.0017768	0	0	0.0016763	0.0028298	0	0	0	0	9.6563e-05	0.0012551	0	0	0	0	0	0	0	0.00073149	0	0	0	0	0.00016388	0	0	0	0	0	0.001365	0.00061924	0	0	0	0	0.0033718	0.0017643	0.0038496	0.0016198	0.0048529	0.0049193	0.0031188	0.0017607	0.0079948	0.011308	0.010026	0.0061517	0.013921	0.010962	0.0067081	0.002826	0.0084066	0.0032545	0.0058856	0.0045115	0.0089295	0.0086019	0.0066538	0.0056238	0.010109	0.0096927	0.0081222	0
0.00062265	0.0024829	1.9994e-05	0.0029848	0.0072247	0.0052875	0.0056267	0	0	0	0.0061896	0.00078688	0	0.0029186	0.0071253	0.006103	0.0047433	0.0038933	0.0033634	0.0043088	0.0047379	0	0.0038848	0.006905	0.0032143	0.00063633	0	0.0032555	0	0	0.0028273	0.002987	0	0.0035144	0.0007961	0.00095481	1.2739e-05	0.0094131	0.0092946	0.0051366	0.0046569	0.0046581	0.0083982	0.0071066	0.010948	0.0081092	0.0098726	0.0095208	0.0083866	0.013333	0.011504	0.0055671	0.0075032	0.0047533	0.0061364	0.0052917	0.0063937	0.0052348	0.0076345	0.0068075	0.0035153	0.0035902	0.0047973	0.0058272	0.00088777	0.0016011	0	0.0026203	0	0	0.0034408	0	0	0.00084829	0.0012948	0.0030733	0.0024035	0.00062206	0.0065045	0.0035595	0.0046478	0	0.0021008	0	0	0	0.007238	0.0002187	0	0.0031417	0.0034497	0.0014852	0.0056445	0.005695	0.0035769	0.0077294	0.0058938	0.005265	0.010346	0.0020813	0.0036834	0	0	0	0	0.0024796	0.011024	0.00074138	0	0.0025557	0.0039133	0.0035504	0.0023558	0	0.0064872	0	0	0	0	0.0043277	6.8496e-05	0.0067238	0.0063247	0	0.00467	0	0.0054681	0.0027256	0.0061941	0.0014108	0.0025685	0.0019722	0.0014418	0	0.00072231	0.0051583	0.0062662	0.0021967	0	0.0041468	0.0049372	0.0047807	0.0012887	0.0015097	0.0016561	0	0.0016405	0.0026094	0.0020454	0	0.0015705	0.0010299	0.0006017	0.0054584	0.0050146	0.0075294	0.0059832	0.0072016	0.0081478	0.010087	0.0061873	0.010224	0.012057	0.013454	0.0069287	0.01414	0.014999	0.0082032	0.0059388	0.010881	0.0071018	0.0071936	0.007879	0.0060905	0.011179	0.0098734	0.0057885	0.013102	0.011399	0.0096152	0.0030831
0.0009189	0.0010105	0	0.00046239	0.0035334	0.0040356	0.0021179	0	0	0	0.0013514	0.00055761	0	0.00094912	0.0032039	0.0028667	0.0016903	0.0033103	0.001014	0.0033895	0.0010606	0	0.00094229	0.0029113	4.2646e-05	0.00075617	0.0032555	0	0	0	0.00084647	0.0027175	0.0013678	0.0023221	0.0010799	0.00075808	0.0010187	0.0037395	0.0026752	0.0012377	0.0028994	0.0040812	0.0056552	0.0026153	0.0042122	0.0041308	0.0043118	0.0074622	0.0038187	0.0075328	0.0074743	0.0034544	0.0030038	0.0031907	0.0034865	0.0036917	0.0044064	0.0038007	0.0037252	0.0016497	0.0014224	0.0028998	0.000799	0.0040538	0.0013268	0.0019686	0.0013546	0.00099898	0.0030198	0	0.0034799	0	0	0.0013102	0.001112	0.0022932	0.0014972	0.0011349	0.0025043	0.0038413	0.002477	0	0.0016055	0.00097701	0.0012626	0	0.0050949	0.0026258	0.0016622	0.0032571	0.0058446	0.0031915	0.0044656	0.00563	0.0032654	0.004739	0.0065145	0.0036936	0.0095861	0.0030419	0.0063128	0.0010556	0.0006445	0.0010716	0.00087339	0.0028764	0.0082119	0.0024409	0.0016298	0.002464	0.0021384	0.0015767	0.00069051	0.0010718	0.0040315	0.0024862	0	0	0.00035255	0.0022308	0	0.0016605	0.0027212	0	0.0010112	0.0013727	0.0026762	0.0019652	0.001137	0.00030882	0	0.00050591	0	0	0.0014063	0.00072099	0.0019445	0.0012996	0	0.0022853	0	0.0001612	0	0	0	0	0	0.00036996	0	0	0	0.00065896	0.0012683	0.0019583	0.0025624	0.0055341	0.0024982	0.0052246	0.0056353	0.0046094	0.0033459	0.0070713	0.0091954	0.0069124	0.0065332	0.010769	0.007721	0.0059428	0.0040963	0.0068433	0.0023654	0.0049146	0.0048837	0.0065756	0.0068921	0.0058619	0.0043251	0.0092919	0.0098625	0.0071557	0.0021258
