0	0	0.00016469	0.0061594	0.0075068	0.0070684	0.011065	0.0087908	0.0031077	0.0094852	0.011069	0.010485	0.0055484	0.010901	0.010521	0.010641	0.0086954	0.010952	0.0095857	0.010829	0.010617	0.010129	0.010429	0.0063971	0.010604	0.011413	0.0097741	0.011729	0.0073534	0.0090013	0.010399	0.0097568	0.0062622	0.0091169	0.0073045	0.0079068	0.005109	0.0099696	0.0096986	0.0075896	0.010107	0.0094873	0.0075024	0.0088583	0.01004	0.0096438	0.0094898	0.0073742	0.0082269	0.0075233	0.0062799	0.0071537	0.0096864	0.0090263	0.0089426	0.011711	0.0082916	0.011171	0.011214	0.0045779	0.0052907	0.0026243	0	0.0044831	0	0	0.0059633	0.002581	0.0049497	0	0	0.0012287	0.0013336	0.0062189	0.0048425	0.0058705	0.0071605	0.0027585	0.0057352	0.0025602	0.0062464	0.0058536	0.0069062	0.0031911	0.0030807	0.0087219	0.007787	0.0032201	0.0029945	0.0075842	0.0085165	0.0057538	0.0060709	0.0055138	0.0063414	0.00201	0.0076397	0.006596	0.0028053	0.0020929	0.0034332	0.0051302	0	0.0034043	0	0.0022028	0	0	0	0.0014522	0.0029699	0.002135	0	0	0.0012737	0	0	0	0	0	0	0	0.0003307	0	0.00026181	0	0.0087348	0	0.0059169	0.0022956	0.0013398	0.00090375	0.0015032	0.0018367	0.00092441	0.0050239	0.0054737	0.002959	0.0027788	0.0011694	0.0030177	0	0.0020587	0.001427	0	0.0048317	0	0.0054789	0.005179	0.0043129	0.0037067	0.0028742	0.0063814	0.003879	0.0044154	0.0054458	0.0013119	0.0006037	0.0042754	0.006225	0.002732	0.0061086	0.0022636	0.0021331	0.0066099	0.00059007	0.0065547	0.0075308
0	0	0	0.012577	0.0097171	0.011791	0.015668	0.013623	0.0077067	0.01221	0.012517	0.015593	0.0099292	0.01772	0.014741	0.015291	0.013425	0.015334	0.013649	0.016442	0.016378	0.014112	0.016045	0.0095046	0.014541	0.015087	0.013588	0.013155	0.01297	0.014151	0.016235	0.012194	0.0093553	0.012823	0.010258	0.01004	0.0097643	0.015187	0.011529	0.011214	0.013155	0.013154	0.012084	0.014227	0.014433	0.013201	0.014992	0.012036	0.013664	0.013494	0.010957	0.010988	0.012663	0.01325	0.013745	0.01664	0.012162	0.015653	0.015394	0.0058666	0.0067682	0.0055893	0	0.0048046	0.0012954	0.00049992	0.0074293	0.0025953	0.006359	0	0.0010253	0.0010632	0.0042624	0.0092523	0.0061514	0.0082835	0.0089242	0.0057316	0.0091831	0.0061975	0.0099225	0.0095367	0.0095482	0.0064305	0.0072341	0.011177	0.011477	0.0059035	0.0041939	0.010466	0.011524	0.0089039	0.0083143	0.0070213	0.0091569	0.0051061	0.0098264	0.0097487	0.0052719	0.0043149	0.0046442	0.0054354	0	0.0044768	0	0.0048409	0.0005589	0	0	0.0043694	0.0032165	0.0036676	0.00077617	0	0.0045915	0	0	0	0	0	0	0	0.0012705	0	0.00015603	0	0.013155	0	0.0073156	0.0034872	0.0035801	0.0056227	0.0053538	0.0023064	0.002582	0.0070784	0.010024	0.0043551	0.0059718	0.0041756	0.0059441	0.00043887	0.0046856	0.003397	0	0.0080144	0.0017465	0.0085787	0.0089613	0.0051931	0.0067069	0.0034221	0.0080293	0.0069055	0.0075541	0.0095308	0.0031093	0.0018396	0.0073095	0.0077782	0.004414	0.0083238	0.0032389	0.0044728	0.0080451	0.0045008	0.0098743	0.0097525
0.00016469	0	0	0.0049719	0.0078982	0.0067795	0.0091175	0.0086176	0.0041545	0.0060818	0.0085493	0.0080983	0.0045221	0.0092644	0.0096475	0.0087097	0.0074422	0.0092648	0.0079479	0.0089505	0.0098294	0.0080942	0.0080202	0.006958	0.0085635	0.008937	0.0087019	0.0079108	0.0068447	0.0081541	0.0098103	0.0086399	0.0070738	0.007272	0.0072575	0.0076386	0.0061963	0.0094539	0.0078145	0.0066037	0.0076175	0.0073407	0.0050348	0.0082261	0.0093395	0.0084939	0.0071678	0.0060453	0.0043201	0.006365	0.0036521	0.0052544	0.0068237	0.0083937	0.0080055	0.0082099	0.0071545	0.0088842	0.0094564	0.0030227	0.0035716	0.0032045	0.00064755	0.0036751	0	0.00050711	0.0021863	0.00017754	0.0052291	0	0.00034953	0.001762	0.002992	0.0061693	0.0042352	0.0057987	0.0056352	0.0031397	0.0053977	0.0038918	0.004563	0.0064954	0.0056873	0.0041283	0.0032744	0.0083856	0.0064566	0.0023439	0.002745	0.0075207	0.0079013	0.0045035	0.004939	0.0069081	0.0069609	0.0026822	0.0071937	0.0080029	0.0027876	0.0017192	0.0022033	0.0040816	0	0.0026411	0	0.0038958	0	0	0	0.00090319	0.0025564	0.0016715	0	0	0.0029329	0	0	0	0	0	0	0	0.0001502	0	0.0010081	0	0.0079147	0	0.0028845	0.0041817	0	0	0	0	0.00093548	0.004788	0.0052286	0.0021635	0.0025748	0.0025666	0.0041899	0	0.0019488	0.00045994	0.00084402	0.004537	0.0023797	0.0056031	0.0056484	0.0047327	0.0029155	0.0027066	0.0044888	0.0037215	0.0037862	0.0051763	0.0020519	0.00068769	0.0028826	0.0051125	0.0012772	0.0048082	0.0023218	0.0029157	0.0057392	0.0023801	0.0073924	0.0056537
0.0061594	0.012577	0.0049719	0	0.0020767	0.0028735	0.0048986	0.0064745	0.0082349	0.0079691	0.005628	0.0062406	0.0038327	0.0073081	0.0063909	0.0047376	0.0059618	0.0057126	0.0071581	0.0082956	0.0017297	0.0066969	0.0038914	0.0062136	0.0066866	0.0083194	0.0070907	0.0048441	0.0036041	0.0076455	0.0083198	0.0065087	0.0087688	0.0079192	0.008886	0.0088158	0.009914	0.002878	0.0026755	0.0048149	0.00073884	0.0056333	0.0066388	0.0025458	0.0012201	0.0054141	0.0026616	0.0049771	0.0030356	0	0.0022047	0.0059254	0.0031596	0.0067759	0.0061905	0.0056834	0.0054602	0.0062283	0.004921	0	0	4.3591e-06	0.00032783	0	0.0018811	0.0042776	0	0.002883	0.0002544	0.0060181	0	0.0010759	0.00037247	0	0.0024809	0	0	0	0	0	0.00046192	0	0	0.0063172	0.0053134	0	0	0.00090128	0.00025071	0	0	0.0067628	0	0	0.0056331	0.0010902	0	0	0.005696	0.0018177	0.0040432	0.0051547	0.0086853	0.0070554	0.0098023	0.00084085	0.0043401	0.0018501	0.0034994	0.0076714	0.0084217	0.0069977	0.01147	0.012655	0.0052685	0.012619	0.0092575	0.0075612	0.010699	0.0075719	0.008234	0.0089882	0.011093	0.012652	0.0064865	0.0062592	0.00015224	0.0080374	0.0029003	0.0057634	0.0043482	0.0059445	0.0055166	0.0056884	0.0029106	0	0	0	0	0.0023596	0.0011317	0.0070523	0.00289	0.0049783	0.0013213	0.0025703	0	0.0037546	0.0043993	0	0.0049503	0.0050921	0.0079159	0.0076621	0.0072153	0.0071611	0.0048568	0.0042844	0.0025184	0.0022673	0.0035486	0.00041182	0.0015922	0.0009306	0.0048962	0.0019607	0.0047818	0.0044915
0.0075068	0.0097171	0.0078982	0.0020767	0	0	0.001391	0.0050954	0.0041497	0.0043607	0.0036368	0.0022235	0.0037828	0.0021779	0.0023312	0.0017435	0.003335	0.00092032	0.003268	0.0019879	0.0021969	0.0040555	0.0020088	0.0049569	0.004622	0.0035312	0.0025845	0.0021608	0.0029816	0.0036468	0.003954	0.0020214	0.0057692	0.0040642	0.0061927	0.0056031	0.0079452	0.00012316	0.0024335	0.0046458	0.0039363	0.0013538	0.0055357	0.0050307	0.00080679	0.0023314	0.0023488	0.0025242	0.0017516	0	0.0025969	0.0057807	0.0024875	0.0026217	0.0020288	0.0036141	0.0035426	0.0023793	0.0010446	0	0.00066761	0.0017551	0	0	0.0060639	0.0090231	0.003203	0.00079577	0.0010972	0.00699	0	0.00086012	0.0018396	0.00017593	0.0059667	0	0	0.003924	0	0.0039681	0.0017239	0	0	0.005278	0.0077581	0.0004935	0	0.0042988	0.00092907	0	0	0.0066606	0	0	0.0066906	0.0021651	0.00034409	0	0.0070663	0.0065934	0.0046912	0.0047222	0.012727	0.0090211	0.01098	0.006809	0.006667	0.0019453	0.0038413	0.012074	0.012286	0.0099988	0.011662	0.017402	0.013229	0.016033	0.012327	0.012691	0.014137	0.013168	0.011272	0.011234	0.017038	0.014865	0.010502	0.0098718	0.0026003	0.010118	0.0040609	0.010686	0.0073209	0.0081044	0.0088263	0.0058712	0.0051109	0.0019057	0.001648	0.0011007	0	0.0056409	0.0035716	0.011224	0.0042089	0.0086024	0.0028453	0.0051295	0	0.0043982	0.0048913	0.0022035	0.0042765	0.0063006	0.0068583	0.006135	0.006315	0.0049841	0.0068334	0.0069551	0.0057442	0.0020075	0.0043434	0.0027279	0.00053695	0.00089555	0.0032732	0.0051724	0.0028623	0.00152
0.0070684	0.011791	0.0067795	0.0028735	0	0	0	0.0011874	0.001894	0.00051603	0.0016096	0	0.0017737	0	0	0	0.00090444	0	0.00038974	0	0	0.00013871	0	0.0060624	0	0.00015561	0	0	0	0	0	0	0.0027785	0.00097485	0.0034305	0.0040309	0.0032139	0	0.002346	0.0038786	0.0024743	0	0.0022863	0.0036601	0.0012236	0	0	0.00071049	0.00035759	0	0.00068548	0.00088203	0	0	0	0	0	0	0	0	0.0013513	0	0	0	0.0064633	0.010693	0.003864	0	0.0011327	0.007538	3.947e-05	0.0016113	0	0	0.0058681	0	0	0.004259	0	0.0047551	0.0020186	0	0	0.004919	0.0074589	0	0	0.0054532	0.00088371	0	0	0.0074619	0	0	0.0058061	0.0016707	0	0	0.0066068	0.0070192	0.0052998	0.0064401	0.014289	0.010744	0.01183	0.0099992	0.0080586	0	0.0032684	0.014814	0.014086	0.012349	0.015838	0.019389	0.015783	0.019149	0.016457	0.015955	0.015954	0.014803	0.013493	0.011608	0.018153	0.016615	0.011878	0.013523	0.00058213	0.011863	0.0063921	0.013717	0.0073717	0.0094423	0.010941	0.0045336	0.0039914	0.00031717	0.003282	0.002249	0	0.0082569	0.0040655	0.015514	0.0053557	0.013861	0.0023113	0.0050887	0	0.0034474	0.0034348	0.0017203	0.0037842	0.0080329	0.0038729	0.0059447	0.0045767	0.0028983	0.0090837	0.0085567	0.0032446	0	0.0025973	0	0	0	0.00096917	0.0062003	0.00099439	0
0.011065	0.015668	0.0091175	0.0048986	0.001391	0	0	0.00090529	0.002855	0.0026787	0.0038474	0	0.0028163	0	0.00097171	0	0.0025531	0	1.0904e-05	0.00039512	0.00084037	0.0017825	0	0.0082266	0	0.0019172	0	0	0.0017838	0.0011389	0	0	0.0048489	0.0018951	0.0051396	0.0034253	0.0061934	0.00094361	0.0031088	0.0052358	0.0035291	0	0.0043955	0.0067004	0.0010872	0.0014885	0.0032492	0.0028677	0.0022022	7.5994e-05	0.0047167	0.0029964	0.0017096	0	0	0.001116	0.001078	0	0	0	0.0013518	0.00099264	0	2.1529e-05	0.0098496	0.013259	0.0065824	0.00050936	0.0017204	0.0093676	0.0030023	0.0038013	0.0042569	0.0019145	0.0087962	0.00042223	0.0001301	0.0074302	0.00088874	0.0065503	0.0038443	0	0.00013432	0.0078965	0.010839	0.00022392	0	0.0081723	0.0027614	0	0	0.010019	8.3037e-05	0	0.0095686	0.0053619	0.0019059	0	0.0093707	0.0095911	0.0077137	0.006636	0.018833	0.011042	0.016236	0.012743	0.011191	0.0011865	0.0046462	0.018065	0.015468	0.014869	0.01872	0.024213	0.017829	0.02152	0.016895	0.01628	0.01933	0.017869	0.014986	0.013985	0.019317	0.019936	0.013915	0.016389	0.0028507	0.016679	0.0073828	0.015078	0.012461	0.013452	0.014693	0.0092404	0.0094715	0.0025972	0.0038281	0.0046627	0.0015843	0.010224	0.0043695	0.017424	0.0092904	0.01594	0.0067028	0.0068122	0.0013049	0.0068348	0.0075136	0.0031405	0.0061805	0.0091457	0.0063949	0.0075513	0.0054724	0.003497	0.010872	0.010353	0.0092255	0.00147	0.0053057	0.0036647	0.0023057	0.0016035	0.002848	0.010271	0.0011885	0.0011738
0.0087908	0.013623	0.0086176	0.0064745	0.0050954	0.0011874	0.00090529	0	0	0	0.0081957	0.0016454	0.00011353	0	0.0031012	0.0024368	0.0066059	0	0	0.0022765	0.0028755	0	0.00094487	0.0094688	0.00035971	0	0.0012238	0.0015947	0	0	0	0.0015362	0.0022144	0.0032846	0.0025879	0.0029268	0.0027467	0.0057602	0.0075025	0.0064218	0.0066857	0.0030091	0.0077894	0.0073726	0.0075535	0.0040814	0.0061295	0.0055172	0.0066916	0.0057306	0.007143	0.0030118	0.0041661	0.0022298	0.0013997	0.002851	0.0031001	0.0016077	0.0037973	0.0019892	0.0040794	0.0034592	0	0	0.0096805	0.012059	0.0085534	0.0026135	0.0031819	0.0077698	0.0030225	0.0022427	0.0025014	0.0024048	0.0089439	0.003094	0.0023492	0.0077224	0.0026795	0.0070325	0.0068159	0.00078667	0.0031328	0.0068711	0.0097293	0.0019139	0	0.0080238	0.0040121	0.0017645	0.00077915	0.0086735	0.00079044	0	0.0090051	0.0046912	0.0048301	0	0.0084704	0.0095644	0.0078799	0.0081072	0.015035	0.01094	0.014628	0.012647	0.0089137	0.0018851	0.0029676	0.016279	0.013134	0.013075	0.015557	0.019411	0.014248	0.016957	0.015265	0.014106	0.014793	0.01384	0.011656	0.011415	0.015586	0.015632	0.012083	0.013974	0.0048356	0.015996	0.011299	0.013688	0.012725	0.012609	0.014478	0.0083684	0.0097277	0.0061387	0.0076488	0.0082654	0.0032349	0.010583	0.0064655	0.01558	0.010545	0.013243	0.0080874	0.0079034	0.0023412	0.0074522	0.0076337	0.0046799	0.0074145	0.010047	0.0079529	0.0084772	0.0071948	0.0050006	0.010894	0.010376	0.0098833	0.0027486	0.0055401	0.0076622	0.0024035	0.0034733	0.0033124	0.0085952	0.003167	0.0010243
0.0031077	0.0077067	0.0041545	0.0082349	0.0041497	0.001894	0.002855	0	0	7.5129e-05	0.0066431	0.002927	0.0011252	0.00057806	0.0041381	0.0044962	0.0066721	0.0036358	0	0.0031705	0.0048152	0	0.0040109	0.0082916	0.0013859	0.0015256	0.0009411	0.0027681	0.0022803	0	0.00034145	0.0016491	0.0011352	0.0033248	0.00063102	0.0030039	0.0013516	0.0069618	0.0091158	0.006636	0.008577	0.0044393	0.0070156	0.008507	0.0098605	0.0061524	0.0064235	0.0051009	0.0058139	0.0063698	0.0070313	0.0026548	0.0040617	0.0027861	0.0013407	0.0022782	0.002712	0.0024663	0.0028614	0.0010125	0.0032089	0.0021294	0	0	0.0085941	0.010642	0.010579	0	0.0017543	0.0018164	0.0035805	0.003433	0.0053963	0.0017534	0.0098662	0.0034725	0.0027909	0.0075977	0.0025673	0.0072828	0.0058336	0.0014238	0.0031773	0.0071888	0.0075343	0.0026344	0.00080694	0.0081527	0.0037388	0.00153	0.00087471	0.0066545	0.0025431	0.0011297	0.0075612	0.0036161	0.0044354	0	0.0075095	0.0096852	0.0074877	0.0062849	0.0094708	0.0071569	0.010062	0.010528	0.0077225	0	0.00092938	0.012691	0.0088404	0.0092089	0.010825	0.013827	0.012532	0.012329	0.009939	0.0090547	0.010427	0.0084971	0.0071296	0.0055885	0.013416	0.009338	0.0067815	0.0083342	0.0066136	0.011323	0.008464	0.010449	0.010118	0.0082781	0.012296	0.004629	0.006586	0.0048002	0.0080562	0.0053433	0.00264	0.0095678	0.0050893	0.011305	0.0088915	0.009229	0.0066967	0.0066107	0.0028635	0.0057088	0.0064229	0.0039569	0.0061849	0.0076667	0.0059728	0.0077361	0.0060405	0.0035571	0.0087458	0.0081369	0.0097611	0.00099314	0.00316	0.0056409	0	0.00059725	0.0033142	0.0093267	0.0042359	0.0027132
0.0094852	0.01221	0.0060818	0.0079691	0.0043607	0.00051603	0.0026787	0	7.5129e-05	0	0.0072917	0.0014304	0.00098491	0	0.0025982	0.0034234	0.0064561	0.0017745	0	0.0025219	0.0046295	0	0.00044102	0.010745	0.00049474	6.5206e-05	0.00046757	0.0009504	0.00048973	0	0	0.00072805	0.0011948	0.0023915	0.0015236	0.0028952	0.0022816	0.0062749	0.0081766	0.0087899	0.0071597	0.0030272	0.0066898	0.010732	0.0091406	0.0047606	0.0069026	0.0058949	0.0067124	0.0057907	0.0063121	0.0028872	0.0049688	0.0015494	0.0013772	0.0012037	0.0020233	0.00076645	0.0027576	0.0012687	0.0034596	0.0032672	0	0	0.011572	0.012889	0.010593	0.00064754	0.0036097	0.0053754	0.0040812	0.0042738	0.0045443	0.0014103	0.010518	0.003022	0.0019608	0.0098858	0.0021669	0.0087548	0.0071122	0.001112	0.0019621	0.0083725	0.012772	0.0018943	0.00043001	0.0093043	0.0039758	9.6007e-05	0	0.010229	0.0024464	0	0.0095528	0.0065546	0.0053815	0	0.0099015	0.011839	0.009717	0.0085494	0.013693	0.011175	0.013919	0.013506	0.010985	0.00099788	0.0030873	0.017497	0.013652	0.012447	0.014616	0.01906	0.016957	0.017715	0.014167	0.013993	0.015984	0.012789	0.010469	0.0093798	0.018215	0.01376	0.01014	0.012994	0.0068386	0.014462	0.010907	0.012705	0.011224	0.011969	0.015907	0.0062247	0.0090408	0.005973	0.0078123	0.0058571	0.0035307	0.011331	0.0063984	0.014511	0.010122	0.013884	0.008362	0.0072028	0.0034126	0.0083386	0.0069454	0.0049037	0.006637	0.0084278	0.0052798	0.0086284	0.0056028	0.0043985	0.010922	0.0086786	0.0094687	0.0017504	0.0054041	0.0064591	0.00058822	0.0017469	0.0027382	0.011724	0.0027492	0.001748
0.011069	0.012517	0.0085493	0.005628	0.0036368	0.0016096	0.0038474	0.0081957	0.0066431	0.0072917	0	0.005046	0.0051449	0.0066757	0.0020194	0.0045726	0.00070646	0.0019412	0.008268	0.00435	0.0026903	0.0070983	0.0034297	9.5593e-05	0.0076098	0.0067502	0.0054295	0.0016181	0.0051356	0.0067885	0.0057164	0.0052754	0.0074673	0.0075981	0.00744	0.0074177	0.0079497	0.0021566	0.0024365	0.0063229	0.0042184	0.0052104	0.0087814	0.0068991	0.0033732	0.0028335	0.0074793	0.0077038	0.0082942	0.0053999	0.0074962	0.0082953	0.0067568	0.0065488	0.0050992	0.0062911	0.0061987	0.0048595	0.0040546	0	0.0017694	0.002608	0	0	0.0087161	0.010638	0.0059874	0.00088893	0.0034951	0.0062178	0.00054682	0	0.0023091	0.0042699	0.0057156	0.00094111	0	0.0045831	0.0022088	0.0039746	0.0031423	0.00095172	0.001346	0.0064428	0.0068055	0.001162	0.00044025	0.0055285	0.0015544	0.0038167	0	0.0060206	0	0	0.0043259	0.0026149	0.0041505	0	0.0067326	0.004378	0.0029185	0.0083868	0.015444	0.010259	0.014611	0.0084277	0.006965	0.00051232	0.0033814	0.014721	0.012631	0.011062	0.014837	0.018695	0.013777	0.018203	0.014118	0.014745	0.01696	0.014292	0.01194	0.01268	0.017695	0.017357	0.012373	0.01461	0.0057333	0.01512	0.006606	0.012125	0.012105	0.013988	0.014112	0.0088347	0.008569	0.0052939	0.0051971	0.0060743	0.0029793	0.010741	0.0057417	0.01494	0.0080641	0.0131	0.0036504	0.0073211	0	0.0067105	0.0072075	0.0015785	0.0073376	0.0086384	0.010241	0.0087377	0.0092	0.0080796	0.0094242	0.0084961	0.010103	0.003964	0.0062247	0.005651	0.0036189	0.0032496	0.0031202	0.0053747	0.0019042	0.0017674
0.010485	0.015593	0.0080983	0.0062406	0.0022235	0	0	0.0016454	0.002927	0.0014304	0.005046	0	0.0035983	0	0	0	0.0027564	0	0	0	0.0015486	0	0	0.0088025	0.0003753	0.0011768	0	0	0.0019826	0.00092796	0	0.00042411	0.0025621	0.0025494	0.003359	0.0036852	0.0042109	0.0019602	0.0056797	0.0045539	0.0044525	0.00173	0.0054915	0.0071596	0.0043673	0.001302	0.0018735	0.0034786	0.0037091	0.00092275	0.0042668	0.0035921	0.0039885	0.0013358	1.451e-05	0.0011684	0.0031715	0	0	0.00039209	0.0029738	0.0020746	0	0	0.012608	0.013957	0.0082354	0	0.001335	0.0084927	0.0042688	0.0059318	0.0051604	0.0013308	0.0092022	0.0007654	0.00037709	0.0087908	0.00048899	0.0074987	0.0050505	0	0	0.0094618	0.012807	0	0	0.0091734	0.0033126	0.00090778	0	0.0099355	0	0	0.0090865	0.0066813	0.0032792	0	0.011982	0.010799	0.0093623	0.0083091	0.018849	0.014095	0.016281	0.014334	0.012314	0.0018662	0.0055992	0.020369	0.017829	0.014644	0.018909	0.023985	0.01994	0.022201	0.018862	0.018814	0.021659	0.01824	0.015014	0.014324	0.021146	0.019392	0.014976	0.019077	0.0034353	0.017125	0.010157	0.015555	0.01187	0.013696	0.016083	0.0072879	0.0093804	0.0025324	0.0061277	0.0045447	0.0020308	0.011079	0.0064394	0.018135	0.0095227	0.016884	0.0087482	0.0063095	0.00057484	0.0070419	0.0059855	0.0021284	0.0054445	0.0092242	0.0066816	0.0076673	0.0059324	0.0034908	0.011062	0.010942	0.0085293	0.00063997	0.0045363	0.0048796	0.00045752	0.001289	0.0017583	0.0087591	0.002151	2.3464e-05
0.0055484	0.0099292	0.0045221	0.0038327	0.0037828	0.0017737	0.0028163	0.00011353	0.0011252	0.00098491	0.0051449	0.0035983	0	0.0019977	0.0037284	0.0026656	0.0051691	0.0030863	0.0022294	0.0034445	0.0019429	0.0014212	0.00051618	0.0062606	0.0029386	0.0028416	0.0020939	0.00218	5.9494e-05	0	0.0019883	0.0023235	0.0018659	0.0027384	0.0022033	0.0019028	0.0029125	0.0045207	0.0040763	0.004092	0.0046488	0.0036013	0.0044588	0.0052187	0.0046369	0.0042361	0.0043148	0.0042235	0.0036043	0.0032212	0.0040062	0.0035986	0.0027436	0.0019766	0.0010318	0.0033918	0.0022713	0.0013589	0.0022197	0.0021262	4.1202e-05	0.0014782	0	0	0.0067681	0.008847	0.006415	0.0027233	0.0018956	0.0054825	0.0032961	0.0033413	0.0026096	0.0010471	0.0050519	0.0016057	0.0016018	0.0046497	0.0010326	0.0042558	0.0025501	0.0012257	0.00036828	0.0060196	0.0069283	0.0015522	0.00041787	0.00406	0.0012971	0.00046572	0	0.0054273	0.0015251	0	0.0062415	0.0036335	0.0027351	0	0.0077804	0.0060618	0.006474	0.0058785	0.010026	0.0081925	0.012192	0.0092531	0.0076425	0.0016773	0.004711	0.010806	0.0097895	0.0088749	0.010672	0.014383	0.010585	0.014401	0.010647	0.0094058	0.01168	0.0093896	0.0089816	0.008686	0.012162	0.011151	0.0092609	0.010228	0.0038506	0.012199	0.0069873	0.0093274	0.0069266	0.0080316	0.010364	0.003268	0.0056317	0.0020728	0.0047242	0.0043351	0.0014828	0.0054343	0.0035134	0.010134	0.006151	0.01058	0.0070234	0.0053688	0.0017947	0.0041731	0.0047768	0.0022549	0.0050177	0.0071375	0.0048275	0.0066686	0.0062515	0.0039353	0.0073446	0.0059459	0.006315	0.001918	0.0043508	0.0025912	0.0014509	0.0020501	0.0036522	0.006383	0.0033909	0.0024689
0.010901	0.01772	0.0092644	0.0073081	0.0021779	0	0	0	0.00057806	0	0.0066757	0	0.0019977	0	0	0	0.0051362	0	0	0	0.00053996	0	0	0.011476	0	0	0	0	0	0	0	0	0.0025379	0.0015568	0.0035306	0.0031447	0.0042451	0.0031404	0.0062351	0.006734	0.0061723	0.00083177	0.0060831	0.0085785	0.0057805	0.0010955	0.0030377	0.0030497	0.0032372	0.00069684	0.0043248	0.003497	0.0020279	0	0	0	0.0015576	0	0	0	0.0038067	0.0020346	0	0	0.014211	0.017298	0.010484	0	0.0013271	0.0086289	0.0058912	0.0060539	0.0053666	0.0022005	0.010964	0.0016423	0.00074489	0.010423	0.0011587	0.0099752	0.0060723	0	0.00099501	0.0096951	0.013486	0.00038776	0	0.011598	0.0039143	0	0	0.010844	0.0013776	0	0.01043	0.0068434	0.0046269	0	0.01124	0.012957	0.0098853	0.010307	0.019673	0.015244	0.018478	0.017675	0.013785	0.0010301	0.00604	0.022133	0.019314	0.017397	0.020243	0.026503	0.021568	0.025147	0.022025	0.020511	0.023469	0.020877	0.016829	0.015346	0.023191	0.021213	0.017113	0.019568	0.0047474	0.019025	0.012882	0.016969	0.013954	0.015454	0.019335	0.0085135	0.0093731	0.0029554	0.0062772	0.0062415	0.0014784	0.012361	0.0059	0.020561	0.0096769	0.019083	0.0099686	0.0087891	0	0.0052549	0.0064771	0.0031334	0.0068476	0.0098726	0.0068011	0.0084144	0.0076491	0.0031297	0.012103	0.010999	0.0092536	0.00061839	0.0063008	0.0061372	0	0.00012868	0.0017001	0.011715	0.0013043	0
0.010521	0.014741	0.0096475	0.0063909	0.0023312	0	0.00097171	0.0031012	0.0041381	0.0025982	0.0020194	0	0.0037284	0	0	0.00030514	0.0034877	0	0.00045905	0	0	0.0021763	0	0.0064373	0	0.0020435	0	0	0.0018743	0.0023835	0	0.00071718	0.0052076	0.0035957	0.006168	0.0047357	0.0069946	0	0.0054418	0.0035079	0.0040933	0.0010179	0.0055845	0.0064137	0.0025968	0	0.0028906	0.0041056	0.0039718	0.0020004	0.0031996	0.0049608	0.002823	0.001784	0.0017139	0.0015109	0.0036086	0	0	0.0010244	0.0032827	0.0027451	0	0	0.008919	0.012562	0.0072457	0.0017503	0.0024463	0.0091558	0.0038855	0.0047182	0.0024579	0.0018379	0.0068831	0.00016019	0	0.0080137	0.00076411	0.0064198	0.0059017	0	0.00081487	0.0080973	0.011806	0.00086928	0	0.0089295	0.0030268	0.0015877	0	0.0089862	0	0	0.0087781	0.0064049	0.003326	0	0.0096082	0.0097766	0.007407	0.008842	0.019976	0.015075	0.016315	0.014007	0.011366	0.0014906	0.0054954	0.021263	0.018824	0.016217	0.018926	0.022681	0.019013	0.021594	0.018908	0.018261	0.021625	0.017883	0.014829	0.01529	0.019822	0.020157	0.015158	0.017312	0.0023769	0.016171	0.010358	0.01588	0.012599	0.014176	0.016202	0.0088186	0.007657	0.0035812	0.0067031	0.0040101	0.002281	0.011071	0.0062877	0.017522	0.0079524	0.016802	0.0073044	0.0082491	0	0.0046113	0.0063788	0.0014156	0.0059709	0.0093201	0.0071197	0.006984	0.0064352	0.0032042	0.011293	0.010876	0.0088647	0.0019137	0.0063378	0.0064974	0.0034624	0.0022808	0.0021152	0.0074237	0	0
0.010641	0.015291	0.0087097	0.0047376	0.0017435	0	0	0.0024368	0.0044962	0.0034234	0.0045726	0	0.0026656	0	0.00030514	0	0.0032579	1.5881e-05	0	0	0	0.0021763	0	0.008891	0	0.0022377	0.00024253	0.00022771	0.0012952	0.0019344	0	0.0014836	0.0031539	0.0032934	0.0036565	0.0039049	0.0036115	0.0024037	0.0034293	0.0030622	0.0030078	0.0011798	0.0059548	0.0036684	0.0033614	0.00024787	0.0013837	0.0028112	0.002608	0.0019665	0.0038571	0.0034638	0.0015865	0.0012604	0	0.00014906	0.0020321	0	0	0.00045129	0.0040029	0.0031963	0	0	0.010196	0.012053	0.0062778	0.00088646	0.0023116	0.0079418	0.0036332	0.0040075	0.0029946	0.0013028	0.0074879	0.0010313	0	0.0078847	0.0012833	0.0072139	0.004409	0	0	0.0081281	0.01053	3.0934e-05	0	0.0073167	0.0037939	0.00020616	0	0.0080046	0.0007185	0	0.0084752	0.0050131	0.0025275	0	0.0094607	0.0082584	0.0072591	0.0086793	0.018126	0.013109	0.016914	0.01294	0.0091961	0.0023295	0.0052162	0.017997	0.016371	0.014309	0.017229	0.02266	0.016655	0.02012	0.017851	0.016557	0.020399	0.01707	0.014846	0.013754	0.018297	0.018356	0.014509	0.01681	0.0016092	0.016012	0.0095684	0.013317	0.010934	0.01252	0.013761	0.0088661	0.0084663	0.0030103	0.0042785	0.0049161	0.0011453	0.0090393	0.0047581	0.016199	0.0064194	0.014248	0.0067073	0.006325	0.001099	0.0062351	0.0056635	0.0025827	0.005923	0.0088867	0.0067624	0.007112	0.0070789	0.0043226	0.0094577	0.0092597	0.0082064	0.001662	0.0051626	0.0050611	0.0012723	0.0010759	0.0016541	0.0063189	0.0018379	0
0.0086954	0.013425	0.0074422	0.0059618	0.003335	0.00090444	0.0025531	0.0066059	0.0066721	0.0064561	0.00070646	0.0027564	0.0051691	0.0051362	0.0034877	0.0032579	0	0.0026687	0.0059949	0.0028792	0.0036571	0.0066819	0.0034619	0.0018258	0.0058871	0.0061414	0.0028956	0.0017401	0.0057619	0.0052683	0.0044588	0.002711	0.0082032	0.0073452	0.0076414	0.0085937	0.0079297	0.0023824	0.0019234	0.0050475	0.0062432	0.0040738	0.008051	0.0073686	0.0033261	0.0041121	0.0056496	0.0074847	0.0061923	0.0047585	0.0058277	0.0082555	0.0057277	0.0058968	0.0048975	0.0059535	0.0059552	0.0041592	0.0030121	0.0018903	0.0022984	0.0029352	0	0	0.0079922	0.0098731	0.0072201	0.0023396	0.0020962	0.0074074	0.0018302	0.0031215	0.0033366	0.0044778	0.0066329	0	0	0.0052252	0.0016911	0.00361	0.0040937	0	0.00091972	0.0068352	0.0082335	0	0.00034724	0.0056095	0.0015423	0.0023896	0.00019601	0.0064974	0	0	0.006958	0.0039172	0.003471	0	0.0079342	0.0047779	0.0045288	0.006854	0.015347	0.011614	0.014636	0.0089651	0.0080018	0.0022519	0.005004	0.014177	0.014071	0.01106	0.013407	0.017694	0.013875	0.015966	0.013323	0.012989	0.01714	0.01385	0.011855	0.013011	0.015675	0.016209	0.011111	0.014725	0.0050693	0.013069	0.0055106	0.011599	0.010885	0.012191	0.013576	0.0074497	0.0068871	0.0047739	0.006079	0.0049573	0.0026826	0.0094809	0.0059287	0.012333	0.0071666	0.012014	0.0042248	0.0072454	0.00096279	0.0074209	0.0080009	0.0032481	0.0074016	0.0079813	0.009613	0.0082627	0.0090944	0.0081504	0.0089226	0.0084832	0.0080932	0.0037214	0.0054856	0.0062636	0.0037418	0.0026682	0.0043882	0.0048232	0.0037356	0.0031867
0.010952	0.015334	0.0092648	0.0057126	0.00092032	0	0	0	0.0036358	0.0017745	0.0019412	0	0.0030863	0	0	1.5881e-05	0.0026687	0	0	0	0	0.00089211	0	0.0063875	0	0.00055812	0	0	0.0015304	0	0	0.00022955	0.0030244	0.0018785	0.0039953	0.0034142	0.0048504	0	0.0043098	0.0033818	0.0035039	0	0.0035747	0.0057542	0.0011957	0	0.0011198	0.0020829	0.0027579	0	0.0022715	0.0041131	0.0016113	0	0	0	0.0014554	0	0	0	0.0016413	0.0014433	0	0	0.008312	0.011149	0.0069565	0.00096616	0.0020091	0.009616	0.0055953	0.0063284	0.0022604	0.00078182	0.0072994	0	0	0.0068368	0	0.0060586	0.0034416	0	0	0.0070855	0.010533	0	0	0.0084701	0.0022219	0	0	0.0080029	0	0	0.0075058	0.0061531	0.0010387	0	0.0090636	0.0093761	0.0072053	0.0095686	0.017716	0.014137	0.016246	0.013965	0.011545	0.0024897	0.007272	0.019353	0.017467	0.015255	0.017798	0.02262	0.019164	0.021588	0.018478	0.018848	0.020898	0.017104	0.015598	0.0151	0.019841	0.020261	0.013906	0.016873	0.0015586	0.016261	0.0098989	0.014657	0.011016	0.012131	0.015019	0.0077051	0.006704	0.00062083	0.0049396	0.0039671	0.00084962	0.0089134	0.0049632	0.017729	0.0070945	0.017249	0.0061583	0.006542	0	0.003599	0.0049285	0.00054719	0.0041477	0.0079317	0.0059256	0.0053175	0.0055373	0.0021816	0.0094699	0.0093189	0.0075994	0.0012192	0.0055648	0.0043436	0.0034128	0.0019878	0.0018161	0.007715	0	0
0.0095857	0.013649	0.0079479	0.0071581	0.003268	0.00038974	1.0904e-05	0	0	0	0.008268	0	0.0022294	0	0.00045905	0	0.0059949	0	0	0.00064696	0.0018994	0	0	0.010361	0	0	0	0.0015008	0.0005378	0	0	0	0.0020438	0.0016706	0.0025634	0.0033615	0.0022605	0.0038213	0.0070036	0.0046405	0.0049516	0.0017875	0.0040944	0.0067012	0.0063445	0.0019016	0.0020489	0.003113	0.0028558	0.0020137	0.0038233	0.001184	0.0021668	0	0	0.00071628	0.0019297	0	0	0.0016189	0.0051159	0.0022034	0	0	0.012439	0.014044	0.0082304	0.0013873	0.0022122	0.0071245	0.004746	0.0043326	0.0042627	0.00088335	0.009538	0.0020378	0.0022058	0.0091622	0.0016707	0.0088	0.0065434	0	0.0012558	0.0088561	0.012843	0.0015358	0	0.0094998	0.0049112	0	0	0.010709	0.0017759	0	0.0094732	0.0067426	0.0044155	0	0.010186	0.011443	0.0089619	0.010675	0.017965	0.013043	0.015327	0.014558	0.010897	0.0021056	0.0052035	0.018648	0.016505	0.014195	0.016558	0.020864	0.017301	0.019445	0.017459	0.016767	0.018029	0.01742	0.012581	0.012971	0.01783	0.017195	0.013304	0.015958	0.0026526	0.015898	0.011628	0.013696	0.011008	0.011848	0.014208	0.0072237	0.0093134	0.0041677	0.0058852	0.0069949	0.0019083	0.010089	0.0061636	0.016343	0.0086547	0.014336	0.0091357	0.0081256	0.0011322	0.0052407	0.0048197	0.0036744	0.0053236	0.008697	0.0051705	0.0072089	0.0051763	0.0031533	0.010259	0.0092148	0.0093417	0.0024985	0.0049268	0.0064954	0.0012391	0.0017813	0.001477	0.0087806	0.0015545	0
0.010829	0.016442	0.0089505	0.0082956	0.0019879	0	0.00039512	0.0022765	0.0031705	0.0025219	0.00435	0	0.0034445	0	0	0	0.0028792	0	0.00064696	0	0.0026909	0.0013413	0.00086168	0.008806	0.0015911	0.0018446	0	0	0.0023102	0.00045479	0	0	0.0035435	0.0027745	0.0027066	0.0047474	0.0036913	0.00070276	0.0060952	0.0048542	0.0047885	0.00034859	0.0057134	0.0064956	0.0029014	0.0025059	0.0030591	0.0047708	0.0028576	0.0020325	0.0055781	0.0039545	0.0029275	0.0012697	0	0.0012157	0.0017037	0	0.00044644	0	0.0019426	0.00084414	0	0	0.012476	0.01422	0.0092873	0.00019997	0.0012745	0.0090877	0.0028264	0.0031841	0.0038499	8.9809e-05	0.0090206	0	0	0.0087498	0	0.0075394	0.0037509	0	0.0001853	0.0066541	0.012369	0	0	0.0075092	0.0021297	0	0	0.0093439	0	0	0.0083066	0.0046054	0.001914	0	0.010561	0.0095909	0.0071132	0.010129	0.020217	0.015139	0.019669	0.013776	0.012421	0.00046916	0.0044528	0.021074	0.018871	0.017691	0.021305	0.027522	0.020487	0.024414	0.019888	0.01983	0.022716	0.018848	0.016709	0.015176	0.024451	0.022329	0.016328	0.018988	0.0024941	0.019684	0.0096217	0.018462	0.01427	0.015899	0.018164	0.010021	0.0091151	0.003688	0.0065683	0.0055113	0.0013489	0.012819	0.0066082	0.02006	0.010297	0.018945	0.0067596	0.0078857	0.0012552	0.0062805	0.0057558	0.0030966	0.0069048	0.0098176	0.0084273	0.0083171	0.0073294	0.0060312	0.013036	0.012453	0.009985	0	0.0049241	0.0052336	0.0011734	0.00018469	0.00060042	0.0089889	0.0016428	0.00063604
0.010617	0.016378	0.0098294	0.0017297	0.0021969	0	0.00084037	0.0028755	0.0048152	0.0046295	0.0026903	0.0015486	0.0019429	0.00053996	0	0	0.0036571	0	0.0018994	0.0026909	0	0.0020626	0	0.0062979	0.0016194	0.0030281	0.0020418	0	0.0018119	0.0045457	0.0017177	0.002312	0.0054373	0.0060587	0.0059548	0.0057793	0.0067518	0.0017771	0.0039409	0.0050289	0.0022752	0.0019296	0.0068408	0.0048655	0.0030416	0.00061882	0.0030138	0.0053291	0.0036948	0.00061612	0.0037833	0.0048165	0.0025089	0.0024818	0.0025607	0.0019773	0.0041925	0.0018804	0.00051124	0.00037595	0.0020832	0.0016795	0	0	0.0092131	0.01233	0.0046911	0.0019811	0.0008823	0.0093576	0.001484	0.0026082	0.0027948	0.0017091	0.0069244	0.0005	0	0.0058537	0.00082609	0.0052127	0.0046229	0	0	0.0074393	0.0092947	0	0	0.0068061	0.0031593	0	0	0.008495	0	0	0.0075538	0.0060124	0.00069931	0	0.008662	0.00783	0.0075804	0.0086855	0.017976	0.012719	0.016895	0.01121	0.0087467	0.0011411	0.0050344	0.01652	0.016339	0.014979	0.017761	0.021947	0.015143	0.019757	0.017423	0.016292	0.019217	0.016774	0.014086	0.014306	0.01781	0.018835	0.014484	0.015947	0.0011496	0.015579	0.0079123	0.015153	0.011064	0.013199	0.01357	0.0094083	0.0059556	0.0022511	0.0045661	0.0022817	0.00033067	0.0098045	0.0061785	0.016676	0.006785	0.014474	0.0060892	0.0071207	0	0.0048128	0.0052925	0.0019959	0.0057698	0.0092819	0.0086207	0.008179	0.0073617	0.0059822	0.010212	0.0098399	0.0083133	0.0012136	0.0047391	0.0049034	0.0017198	0.0016833	0.0028347	0.0062396	0.0015904	0.0011403
0.010129	0.014112	0.0080942	0.0066969	0.0040555	0.00013871	0.0017825	0	0	0	0.0070983	0	0.0014212	0	0.0021763	0.0021763	0.0066819	0.00089211	0	0.0013413	0.0020626	0	0.001232	0.0097973	0.00038694	0	0.00021911	0.0013781	0.00042379	0	0	0.0011137	0.0024011	0.0024759	0.0023344	0.0028957	0.0023289	0.0061656	0.0084919	0.0062336	0.0051368	0.0029146	0.0079114	0.0071927	0.0071661	0.0029352	0.0055525	0.0049942	0.0066011	0.0037305	0.0062812	0.0043477	0.0046331	0.0026421	0.00065893	0.0015729	0.0027501	0.00035991	0.0016422	0.00093335	0.003656	0.0029558	0	0	0.011664	0.014161	0.0094719	0.0018551	0.0031121	0.0079223	0.0037112	0.0025342	0.0038887	0.00090716	0.0082524	0.0021	0.0011793	0.0080826	0.0014328	0.00734	0.0054664	0	0.001466	0.007288	0.012028	0.00069708	0	0.0087405	0.0023724	0.00033172	0	0.0090328	0	0	0.0089257	0.0045281	0.0045584	0	0.01071	0.0096971	0.0094446	0.0083738	0.016999	0.012701	0.016289	0.0127	0.010949	0.00094838	0.0052797	0.019064	0.015417	0.013301	0.016268	0.02203	0.017704	0.020874	0.016669	0.017049	0.01863	0.015478	0.013228	0.013442	0.019254	0.017598	0.013087	0.016314	0.0059979	0.01728	0.010532	0.014575	0.012851	0.013398	0.016385	0.0077178	0.0091123	0.0053873	0.0060955	0.0065854	0.0030049	0.01106	0.0067518	0.016674	0.010063	0.015262	0.0084495	0.0077145	0.00071328	0.0072322	0.0077625	0.0044208	0.0071005	0.009949	0.0069556	0.0096636	0.0071435	0.0047939	0.011533	0.0099912	0.0092646	0.0022444	0.0061919	0.0063609	0.0021443	0.0030928	0.0039062	0.010019	0.0032968	0.0010244
0.010429	0.016045	0.0080202	0.0038914	0.0020088	0	0	0.00094487	0.0040109	0.00044102	0.0034297	0	0.00051618	0	0	0	0.0034619	0	0	0.00086168	0	0.001232	0	0.0073407	0	0.0019479	0.00010533	0	0	0.0010011	0	0	0.002084	0.0010547	0.0027493	0.0032029	0.0036101	0.0019212	0.0027364	0.0054491	0.0044474	0.00049779	0.0043514	0.0054568	0.0025789	0.00091726	0.0019491	0.0029665	0.0023517	0	0.0030101	0.0018606	0	0	0	0	0	0	0	0	0.0020479	0.0013251	0	0	0.010129	0.012795	0.0073824	0	0.0017211	0.0078136	0.0048428	0.0053267	0.0047173	0.00054549	0.0079838	0	0	0.0079863	0.00018945	0.006845	0.0036485	0	0	0.0086099	0.011361	0	0	0.0077249	0.0031475	0	0	0.010041	0	0	0.0085755	0.0062561	0.0014512	0	0.011026	0.009859	0.008439	0.0083314	0.017945	0.011813	0.017697	0.012363	0.011644	0.0034069	0.0070534	0.018212	0.016252	0.014898	0.017148	0.02401	0.017401	0.02161	0.018874	0.016756	0.020265	0.017863	0.015677	0.01524	0.01918	0.018764	0.01416	0.017065	0.0017587	0.017239	0.0089443	0.013943	0.011369	0.012723	0.014173	0.0075682	0.0080448	0.0014948	0.0029623	0.0040242	0.00071234	0.009286	0.0041464	0.016338	0.0078015	0.015433	0.0067621	0.006425	0.0017308	0.0052253	0.0052611	0.0031567	0.005718	0.0092202	0.0047608	0.0074775	0.0054833	0.0035671	0.0098785	0.0091182	0.0063316	0.00057069	0.0049404	0.0031407	7.8571e-05	0.0012432	0.0020611	0.0084062	0.0012907	0
0.0063971	0.0095046	0.006958	0.0062136	0.0049569	0.0060624	0.0082266	0.0094688	0.0082916	0.010745	9.5593e-05	0.0088025	0.0062606	0.011476	0.0064373	0.008891	0.0018258	0.0063875	0.010361	0.008806	0.0062979	0.0097973	0.0073407	0	0.010823	0.010393	0.0068663	0.0061092	0.0077331	0.0088396	0.0096278	0.0070594	0.0088682	0.010913	0.0094162	0.0087334	0.0092675	0.0062109	0.004245	0.0073092	0.0069832	0.008784	0.0093073	0.0079379	0.0056555	0.0062144	0.010429	0.0080724	0.0094804	0.0074317	0.007948	0.010335	0.010983	0.010072	0.0092081	0.010701	0.0088964	0.0098577	0.0090932	0.0014914	0.0030991	0.0039287	0	0.0018447	0.0053394	0.0068515	0.0054646	0.0039099	0.0030963	0.0067881	0.0011315	0.0017642	0.0023627	0.0048697	0.0049122	0.0012148	0.00080191	0.0018745	0.0038688	0.0015116	0.0045759	0.0020956	0.0020118	0.0049569	0.0043035	0.0033842	0.0033802	0.0044233	0.0019823	0.0051991	0.0015927	0.0046968	0.001318	0	0.006424	0.0028081	0.0049674	0.00062904	0.0055649	0.0027913	0.0017211	0.0065996	0.011652	0.0076524	0.010462	0.0057295	0.003389	0.0015878	0.0020445	0.011068	0.0088446	0.0078081	0.0091078	0.012616	0.0085718	0.011518	0.0091626	0.0089782	0.011366	0.0096898	0.007089	0.0086884	0.010196	0.013593	0.0082964	0.010078	0.0067737	0.011685	0.0059532	0.008087	0.009842	0.011434	0.010433	0.0076623	0.0065353	0.0045552	0.0062168	0.0041964	0.0029917	0.0064616	0.0050976	0.0086266	0.0048537	0.008319	0.0042409	0.0074256	0.0002869	0.008504	0.0089869	0.0032186	0.0063908	0.0073648	0.010058	0.0081967	0.0079607	0.0093076	0.0073858	0.0070646	0.0092727	0.0051002	0.0076309	0.0071883	0.0055094	0.0050188	0.0048641	0.0036122	0.0055691	0.0040235
0.010604	0.014541	0.0085635	0.0066866	0.004622	0	0	0.00035971	0.0013859	0.00049474	0.0076098	0.0003753	0.0029386	0	0	0	0.0058871	0	0	0.0015911	0.0016194	0.00038694	0	0.010823	0	0.00088623	0	0	0.00097112	9.5348e-05	0	0	0.0025935	0.0018794	0.0036985	0.0030544	0.003122	0.0040628	0.0069996	0.0048902	0.0057135	0.001037	0.0058295	0.007301	0.0065142	0.001877	0.0031304	0.0044488	0.003581	0.0025378	0.0052816	0.0024989	0.0021896	0	0.00056192	0	0.0022	0	0.00079915	0.00078015	0.0045965	0.0024591	0	0	0.011626	0.012977	0.0078226	0.0014965	0.0023342	0.0080151	0.0048339	0.0047694	0.0044866	0.0032695	0.0091837	0.0026724	0.0011692	0.0101	0.0020204	0.0093649	0.0077068	0	0.0020813	0.00928	0.01235	0.0011055	2.62e-05	0.0097033	0.0045987	0.00018151	0	0.0099761	0.0019433	0	0.010792	0.0071868	0.0043035	0	0.010227	0.010883	0.0087375	0.010356	0.017368	0.013924	0.016071	0.015068	0.010407	0.0018973	0.0058647	0.019097	0.017725	0.015841	0.017387	0.02078	0.018724	0.019557	0.017603	0.016768	0.018896	0.016905	0.013992	0.014056	0.018384	0.017609	0.014186	0.017223	0.0032587	0.016059	0.011857	0.013836	0.011236	0.013024	0.015501	0.0070962	0.0084742	0.0043652	0.0065221	0.0059918	0.0024847	0.011439	0.0064659	0.016607	0.0082714	0.015806	0.008372	0.0089887	0.00069926	0.0057505	0.0065889	0.0040413	0.0065292	0.0095493	0.0059956	0.0076169	0.0064213	0.0038521	0.012077	0.0099545	0.0085028	0.00093097	0.005135	0.0061948	0.0015583	0.0019096	0.0010239	0.0086651	0.0011336	0
0.011413	0.015087	0.008937	0.0083194	0.0035312	0.00015561	0.0019172	0	0.0015256	6.5206e-05	0.0067502	0.0011768	0.0028416	0	0.0020435	0.0022377	0.0061414	0.00055812	0	0.0018446	0.0030281	0	0.0019479	0.010393	0.00088623	0	0.00059242	0.00037462	0.0011443	0	0	0.0022753	0.0029348	0.0040776	0.0038492	0.0035375	0.0050646	0.0050151	0.0085298	0.0059049	0.0037063	0.0029198	0.0084818	0.0082824	0.0070862	0.0044943	0.0056619	0.0055979	0.005858	0.0036276	0.0066977	0.0050788	0.0053141	0.0036135	0.0023635	0.0039041	0.0048369	0.001459	0.0023211	6.9051e-05	0.0037562	0.0026379	0	0	0.012597	0.016431	0.0092657	0.0014336	0.0034971	0.0081901	0.0040195	0.0038442	0.0043368	0.0022751	0.010166	0.0023822	0.00056878	0.009523	0.0018533	0.0082083	0.0076805	0	0.0020479	0.0087589	0.013254	0.0016406	0.00074231	0.010314	0.0032828	0.0024131	0	0.010006	0.00051185	0	0.009887	0.0070213	0.0057733	0	0.010686	0.011448	0.0092519	0.0072418	0.018013	0.012815	0.017944	0.012439	0.012085	0.0011746	0.0046451	0.020161	0.015376	0.014892	0.018714	0.024474	0.019037	0.022318	0.01768	0.017346	0.018573	0.016343	0.012621	0.012812	0.020507	0.018882	0.013361	0.016696	0.0069916	0.018657	0.011657	0.015515	0.013031	0.01402	0.017357	0.0084498	0.0088593	0.0045824	0.0067351	0.0059662	0.0028967	0.011253	0.0071174	0.017512	0.0099838	0.015473	0.0085906	0.0079732	0.00096732	0.0065581	0.0075378	0.0030061	0.0067377	0.0094345	0.0092405	0.0087766	0.0076838	0.0041201	0.011073	0.011042	0.011233	0.0020484	0.0068075	0.0078006	0.0022842	0.002079	0.0036049	0.01092	0.0038568	0.0010526
0.0097741	0.013588	0.0087019	0.0070907	0.0025845	0	0	0.0012238	0.0009411	0.00046757	0.0054295	0	0.0020939	0	0	0.00024253	0.0028956	0	0	0	0.0020418	0.00021911	0.00010533	0.0068663	0	0.00059242	0	0.00053993	0.00089048	0	0	0	0.0027304	0.00058059	0.0022346	0.0030981	0.0036031	0.0022684	0.0057291	0.0038943	0.0050678	0.00093389	0.0050409	0.0071281	0.0042432	0.0020368	0.0025109	0.0045145	0.0035481	0.0025783	0.0057538	0.0022819	0.0023219	0.0007737	0	0.00075272	0.0012792	0	0.0010375	0.0012769	0.0029557	0.002111	0	0	0.0097345	0.012124	0.0074633	0.0012399	0.0012159	0.0081941	0.0026725	0.0035531	0.0033856	0.0010607	0.0076751	0	0	0.0065832	0	0.0065353	0.0042296	0	0.00025826	0.0066282	0.010046	0	0	0.0072231	0.0019772	0	0	0.0084227	0.00038481	0	0.0082695	0.0048702	0.0027295	0	0.010294	0.0091408	0.0072181	0.0071929	0.016815	0.012546	0.014039	0.011899	0.010549	0.0012123	0.0039825	0.017088	0.01485	0.012732	0.016232	0.019656	0.015876	0.018182	0.016124	0.016961	0.017322	0.015441	0.013075	0.012537	0.0169	0.017587	0.012395	0.015805	0.0029306	0.015959	0.0098983	0.015249	0.011297	0.011802	0.014115	0.0079198	0.0084567	0.0041084	0.0063683	0.0049655	0.0033936	0.010493	0.0069338	0.016476	0.0085775	0.014856	0.0070703	0.0077272	0.0023271	0.0063891	0.0057636	0.0034662	0.0069329	0.0091426	0.0057859	0.007579	0.0067355	0.004828	0.01058	0.01044	0.0080383	0.00097361	0.0057252	0.0065818	0.0015333	0.0015733	0.0015386	0.007812	0.0019588	0.00091979
